timeStamp,filteredValues
0.3512095189998945,0.0,0.0,0.0,0.0,0.0,0.0,0.0,0.0,0.0,0.0,0.0,0.0,0.0,0.0,0.0,0.0,0.0,0.0,0.0,0.0,0.0,0.0,0.0,0.0,0.0,0.0,0.0,0.0,0.0,0.0,0.0,0.0,0.0,0.0,0.0,0.0,0.0,0.0,0.0,0.0,0.0,0.0,0.0,0.0,0.0,0.0,0.0,0.0,0.0,0.0
0.5353064129999439,0.0,0.0,0.0,0.0,0.0,0.0,0.0,0.0,0.0,0.0,0.0,0.0,0.0,0.0,0.0,0.0,0.0,0.0,0.0,0.0,0.0,0.0,0.0,0.0,0.0,0.0,0.0,0.0,0.0,0.0,0.0,0.0,0.0,0.0,0.0,0.0,0.0,0.0,0.0,0.0,0.0,0.0,0.0,0.0,0.0,0.0,0.0,0.0,0.0,0.0
0.7154354419999436,0.0,0.0,0.0,0.0,0.0,0.0,0.0,0.0,0.0,0.0,0.0,0.0,0.0,0.0,0.0,0.0,0.0,0.0,0.0,0.0,0.0,0.0,0.0,0.0,0.0,0.0,0.0,0.0,0.0,0.0,0.0,0.0,0.0,0.0,0.0,0.0,0.0,0.0,0.0,0.0,0.0,0.0,0.0,0.0,0.0,0.0,0.0,0.0,0.0,0.0
0.8953897659998802,0.0,0.0,0.0,0.0,0.0,0.0,0.0,0.0,0.0,0.0,0.0,0.0,0.0,0.0,0.0,0.0,0.0,0.0,0.0,0.0,0.0,0.0,0.0,0.0,0.0,0.0,0.0,0.0,0.0,0.0,0.0,0.0,0.0,0.0,0.0,0.0,0.0,0.0,0.0,0.0,0.0,0.0,0.0,0.0,0.0,0.0,0.0,0.0,0.0,0.0
1.0800857710000855,0.0,0.0,0.0,0.0,0.0,0.0,0.0,0.0,0.0,0.0,0.0,0.0,0.0,0.0,0.0,0.0,0.0,0.0,0.0,0.0,0.0,0.0,0.0,0.0,0.0,0.0,0.0,0.0,0.0,0.0,0.0,0.0,0.0,0.0,0.0,0.0,0.0,0.0,0.0,0.0,0.0,0.0,0.0,0.0,0.0,0.0,0.0,0.0,0.0,0.0
1.2639967529999012,0.0,0.0,0.0,0.0,0.0,0.0,0.0,0.0,0.0,0.0,0.0,0.0,0.0,0.0,0.0,0.0,0.0,0.0,0.0,0.0,0.0,0.0,0.0,0.0,0.0,0.0,0.0,0.0,0.0,0.0,0.0,0.0,0.0,0.0,0.0,0.0,0.0,0.0,0.0,0.0,0.0,0.0,0.0,0.0,0.0,0.0,0.0,0.0,0.0,0.0
1.4481136750000587,0.0,0.0,0.0,0.0,0.0,0.0,0.0,0.0,0.0,0.0,0.0,0.0,0.0,0.0,0.0,0.0,0.0,0.0,0.0,0.0,0.0,0.0,0.0,0.0,0.0,0.0,0.0,0.0,0.0,0.0,0.0,0.0,0.0,0.0,0.0,0.0,0.0,0.0,0.0,0.0,0.0,0.0,0.0,0.0,0.0,0.0,0.0,0.0,0.0,0.0
1.6294282459998612,0.0,0.0,0.0,0.0,0.0,0.0,0.0,0.0,0.0,0.0,0.0,0.0,0.0,0.0,0.0,0.0,0.0,0.0,0.0,0.0,0.0,0.0,0.0,0.0,0.0,0.0,0.0,0.0,0.0,0.0,0.0,0.0,0.0,0.0,0.0,0.0,0.0,0.0,0.0,0.0,0.0,0.0,0.0,0.0,0.0,0.0,0.0,0.0,0.0,0.0
1.8129994309997528,0.0,0.0,0.0,0.0,0.0,0.0,0.0,0.0,0.0,0.0,0.0,0.0,0.0,0.0,0.0,0.0,0.0,0.0,0.0,0.0,0.0,0.0,0.0,0.0,0.0,0.0,0.0,0.0,0.0,0.0,0.0,0.0,0.0,0.0,0.0,0.0,0.0,0.0,0.0,0.0,0.0,0.0,0.0,0.0,0.0,0.0,0.0,0.0,0.0,0.0
1.9934300639997673,0.0,0.0,0.0,0.0,0.0,0.0,0.0,0.0,0.0,0.0,0.0,0.0,0.0,0.0,0.0,0.0,0.0,0.0,0.0,0.0,0.0,0.0,0.0,0.0,0.0,0.0,0.0,0.0,0.0,0.0,0.0,0.0,0.0,0.0,0.0,0.0,0.0,0.0,0.0,0.0,0.0,0.0,0.0,0.0,0.0,0.0,0.0,0.0,0.0,0.0
2.1769450829997368,0.0,0.0,0.0,0.0,0.0,0.0,0.0,0.0,0.0,0.0,0.0,0.0,0.0,0.0,0.0,0.0,0.0,0.0,0.0,0.0,0.0,0.0,0.0,0.0,0.0,0.0,0.0,0.0,0.0,0.0,0.0,0.0,0.0,0.0,0.0,0.0,0.0,0.0,0.0,0.0,0.0,0.0,0.0,0.0,0.0,0.0,0.0,0.0,0.0,0.0
2.3619639579997056,0.0,0.0,0.0,0.0,0.0,0.0,0.0,0.0,0.0,0.0,0.0,0.0,0.0,0.0,0.0,0.0,0.0,0.0,0.0,0.0,0.0,0.0,0.0,0.0,0.0,0.0,0.0,0.0,0.0,0.0,0.0,0.0,0.0,0.0,0.0,0.0,0.0,0.0,0.0,0.0,0.0,0.0,0.0,0.0,0.0,0.0,0.0,0.0,0.0,0.0
2.5424263689997133,0.0,0.0,0.0,0.0,0.0,0.0,0.0,0.0,0.0,0.0,0.0,0.0,0.0,0.0,0.0,0.0,0.0,0.0,0.0,0.0,0.0,0.0,0.0,0.0,0.0,0.0,0.0,0.0,0.0,0.0,0.0,0.0,0.0,0.0,0.0,0.0,0.0,0.0,0.0,0.0,0.0,0.0,0.0,0.0,0.0,0.0,0.0,0.0,0.0,0.0
2.7223898319998625,0.0,0.0,0.0,0.0,0.0,0.0,0.0,0.0,0.0,0.0,0.0,0.0,0.0,0.0,0.0,0.0,0.0,0.0,0.0,0.0,0.0,0.0,0.0,0.0,0.0,0.0,0.0,0.0,0.0,0.0,0.0,0.0,0.0,0.0,0.0,0.0,0.0,0.0,0.0,0.0,0.0,0.0,0.0,0.0,0.0,0.0,0.0,0.0,0.0,0.0
2.906089458999759,0.0,0.0,0.0,0.0,0.0,0.0,0.0,0.0,0.0,0.0,0.0,0.0,0.0,0.0,0.0,0.0,0.0,0.0,0.0,0.0,0.0,0.0,0.0,0.0,0.0,0.0,0.0,0.0,0.0,0.0,0.0,0.0,0.0,0.0,0.0,0.0,0.0,0.0,0.0,0.0,0.0,0.0,0.0,0.0,0.0,0.0,0.0,0.0,0.0,0.0
3.0869534859998566,0.0,0.0,0.0,0.0,0.0,0.0,0.0,0.0,0.0,0.0,0.0,0.0,0.0,0.0,0.0,0.0,0.0,0.0,0.0,0.0,0.0,0.0,0.0,0.0,0.0,0.0,0.0,0.0,0.0,0.0,0.0,0.0,0.0,0.0,0.0,0.0,0.0,0.0,0.0,0.0,0.0,0.0,0.0,0.0,0.0,0.0,0.0,0.0,0.0,0.0
3.2674981860000116,0.0,0.0,0.0,0.0,0.0,0.0,0.0,0.0,0.0,0.0,0.0,0.0,0.0,0.0,0.0,0.0,0.0,0.0,0.0,0.0,0.0,0.0,0.0,0.0,0.0,0.0,0.0,0.0,0.0,0.0,0.0,0.0,0.0,0.0,0.0,0.0,0.0,0.0,0.0,0.0,0.0,0.0,0.0,0.0,0.0,0.0,0.0,0.0,0.0,0.0
3.447404303999974,0.0,0.0,0.0,0.0,0.0,0.0,0.0,0.0,0.0,0.0,0.0,0.0,0.0,0.0,0.0,0.0,0.0,0.0,0.0,0.0,0.0,0.0,0.0,0.0,0.0,0.0,0.0,0.0,0.0,0.0,0.0,0.0,0.0,0.0,0.0,0.0,0.0,0.0,0.0,0.0,0.0,0.0,0.0,0.0,0.0,0.0,0.0,0.0,0.0,0.0
3.6272000909998496,0.0,0.0,0.0,0.0,0.0,0.0,0.0,0.0,0.0,0.0,0.0,0.0,0.0,0.0,0.0,0.0,0.0,0.0,0.0,0.0,0.0,0.0,0.0,0.0,0.0,0.0,0.0,0.0,0.0,0.0,0.0,0.0,0.0,0.0,0.0,0.0,0.0,0.0,0.0,0.0,0.0,0.0,0.0,0.0,0.0,0.0,0.0,0.0,0.0,0.0
3.807258329999968,0.0,0.0,0.0,0.0,0.0,0.0,0.0,0.0,0.0,0.0,0.0,0.0,0.0,0.0,0.0,0.0,0.0,0.0,0.0,0.0,0.0,0.0,0.0,0.0,0.0,0.0,0.0,0.0,0.0,0.0,0.0,0.0,0.0,0.0,0.0,0.0,0.0,0.0,0.0,0.0,0.0,0.0,0.0,0.0,0.0,0.0,0.0,0.0,0.0,0.0
3.988343463000092,0.0,0.0,0.0,0.0,0.0,0.0,0.0,0.0,0.0,0.0,0.0,0.0,0.0,0.0,0.0,0.0,0.0,0.0,0.0,0.0,0.0,0.0,0.0,0.0,0.0,0.0,0.0,0.0,0.0,0.0,0.0,0.0,0.0,0.0,0.0,0.0,0.0,0.0,0.0,0.0,0.0,0.0,0.0,0.0,0.0,0.0,0.0,0.0,0.0,0.0
4.168209955999828,0.0,0.0,0.0,0.0,0.0,0.0,0.0,0.0,0.0,0.0,0.0,0.0,0.0,0.0,0.0,0.0,0.0,0.0,0.0,0.0,0.0,0.0,0.0,0.0,0.0,0.0,0.0,0.0,0.0,0.0,0.0,0.0,0.0,0.0,0.0,0.0,0.0,0.0,0.0,0.0,0.0,0.0,0.0,0.0,0.0,0.0,0.0,0.0,0.0,0.0
4.34844549599984,0.0,0.0,0.0,0.0,0.0,0.0,0.0,0.0,0.0,0.0,0.0,0.0,0.0,0.0,0.0,0.0,0.0,0.0,0.0,0.0,0.0,0.0,0.0,0.0,0.0,0.0,0.0,0.0,0.0,0.0,0.0,0.0,0.0,0.0,0.0,0.0,0.0,0.0,0.0,0.0,0.0,0.0,0.0,0.0,0.0,0.0,0.0,0.0,0.0,0.0
4.532046723999883,0.0,0.0,0.0,0.0,0.0,0.0,0.0,0.0,0.0,0.0,0.0,0.0,0.0,0.0,0.0,0.0,0.0,0.0,0.0,0.0,0.0,0.0,0.0,0.0,0.0,0.0,0.0,0.0,0.0,0.0,0.0,0.0,0.0,0.0,0.0,0.0,0.0,0.0,0.0,0.0,0.0,0.0,0.0,0.0,0.0,0.0,0.0,0.0,0.0,0.0
4.7132397989998935,0.0,0.0,0.0,0.0,0.0,0.0,0.0,0.0,0.0,0.0,0.0,0.0,0.0,0.0,0.0,0.0,0.0,0.0,0.0,0.0,0.0,0.0,0.0,0.0,0.0,0.0,0.0,0.0,0.0,0.0,0.0,0.0,0.0,0.0,0.0,0.0,0.0,0.0,0.0,0.0,0.0,0.0,0.0,0.0,0.0,0.0,0.0,0.0,0.0,0.0
4.893549351999809,0.0,0.0,0.0,0.0,0.0,0.0,0.0,0.0,0.0,0.0,0.0,0.0,0.0,0.0,0.0,0.0,0.0,0.0,0.0,0.0,0.0,0.0,0.0,0.0,0.0,0.0,0.0,0.0,0.0,0.0,0.0,0.0,0.0,0.0,0.0,0.0,0.0,0.0,0.0,0.0,0.0,0.0,0.0,0.0,0.0,0.0,0.0,0.0,0.0,0.0
5.07718516299974,0.0,0.0,0.0,0.0,0.0,0.0,0.0,0.0,0.0,0.0,0.0,0.0,0.0,0.0,0.0,0.0,0.0,0.0,0.0,0.0,0.0,0.0,0.0,0.0,0.0,0.0,0.0,0.0,0.0,0.0,0.0,0.0,0.0,0.0,0.0,0.0,0.0,0.0,0.0,0.0,0.0,0.0,0.0,0.0,0.0,0.0,0.0,0.0,0.0,0.0
5.257467049999832,0.0,0.0,0.0,0.0,0.0,0.0,0.0,0.0,0.0,0.0,0.0,0.0,0.0,0.0,0.0,0.0,0.0,0.0,0.0,0.0,0.0,0.0,0.0,0.0,0.0,0.0,0.0,0.0,0.0,0.0,0.0,0.0,0.0,0.0,0.0,0.0,0.0,0.0,0.0,0.0,0.0,0.0,0.0,0.0,0.0,0.0,0.0,0.0,0.0,0.0
5.438308743000107,0.0,0.0,0.0,0.0,0.0,0.0,0.0,0.0,0.0,0.0,0.0,0.0,0.0,0.0,0.0,0.0,0.0,0.0,0.0,0.0,0.0,0.0,0.0,0.0,0.0,0.0,0.0,0.0,0.0,0.0,0.0,0.0,0.0,0.0,0.0,0.0,0.0,0.0,0.0,0.0,0.0,0.0,0.0,0.0,0.0,0.0,0.0,0.0,0.0,0.0
5.621901956999864,0.0,0.0,0.0,0.0,0.0,0.0,0.0,0.0,0.0,0.0,0.0,0.0,0.0,0.0,0.0,0.0,0.0,0.0,0.0,0.0,0.0,0.0,0.0,0.0,0.0,0.0,0.0,0.0,0.0,0.0,0.0,0.0,0.0,0.0,0.0,0.0,0.0,0.0,0.0,0.0,0.0,0.0,0.0,0.0,0.0,0.0,0.0,0.0,0.0,0.0
5.802402534000066,0.0,0.0,0.0,0.0,0.0,0.0,0.0,0.0,0.0,0.0,0.0,0.0,0.0,0.0,0.0,0.0,0.0,0.0,0.0,0.0,0.0,0.0,0.0,0.0,0.0,0.0,0.0,0.0,0.0,0.0,0.0,0.0,0.0,0.0,0.0,0.0,0.0,0.0,0.0,0.0,0.0,0.0,0.0,0.0,0.0,0.0,0.0,0.0,0.0,0.0
5.985818293999728,0.0,0.0,0.0,0.0,0.0,0.0,0.0,0.0,0.0,0.0,0.0,0.0,0.0,0.0,0.0,0.0,0.0,0.0,0.0,0.0,0.0,0.0,0.0,0.0,0.0,0.0,0.0,0.0,0.0,0.0,0.0,0.0,0.0,0.0,0.0,0.0,0.0,0.0,0.0,0.0,0.0,0.0,0.0,0.0,0.0,0.0,0.0,0.0,0.0,0.0
6.167504511000061,0.0,0.0,0.0,0.0,0.0,0.0,0.0,0.0,0.0,0.0,0.0,0.0,0.0,0.0,0.0,0.0,0.0,0.0,0.0,0.0,0.0,0.0,0.0,0.0,0.0,0.0,0.0,0.0,0.0,0.0,0.0,0.0,0.0,0.0,0.0,0.0,0.0,0.0,0.0,0.0,0.0,0.0,0.0,0.0,0.0,0.0,0.0,0.0,0.0,0.0
6.350960492000013,0.0,0.0,0.0,0.0,0.0,0.0,0.0,0.0,0.0,0.0,0.0,0.0,0.0,0.0,0.0,0.0,0.0,0.0,0.0,0.0,0.0,0.0,0.0,0.0,0.0,0.0,0.0,0.0,0.0,0.0,0.0,0.0,0.0,0.0,0.0,0.0,0.0,0.0,0.0,0.0,0.0,0.0,0.0,0.0,0.0,0.0,0.0,0.0,0.0,0.0
6.531292057999963,0.0,0.0,0.0,0.0,0.0,0.0,0.0,0.0,0.0,0.0,0.0,0.0,0.0,0.0,0.0,0.0,0.0,0.0,0.0,0.0,0.0,0.0,0.0,0.0,0.0,0.0,0.0,0.0,0.0,0.0,0.0,0.0,0.0,0.0,0.0,0.0,0.0,0.0,0.0,0.0,0.0,0.0,0.0,0.0,0.0,0.0,0.0,0.0,0.0,0.0
6.711399129999791,0.0,0.0,0.0,0.0,0.0,0.0,0.0,0.0,0.0,0.0,0.0,0.0,0.0,0.0,0.0,0.0,0.0,0.0,0.0,0.0,0.0,0.0,0.0,0.0,0.0,0.0,0.0,0.0,0.0,0.0,0.0,0.0,0.0,0.0,0.0,0.0,0.0,0.0,0.0,0.0,0.0,0.0,0.0,0.0,0.0,0.0,0.0,0.0,0.0,0.0
6.892301015999692,0.0,0.0,0.0,0.0,0.0,0.0,0.0,0.0,0.0,0.0,0.0,0.0,0.0,0.0,0.0,0.0,0.0,0.0,0.0,0.0,0.0,0.0,0.0,0.0,0.0,0.0,0.0,0.0,0.0,0.0,0.0,0.0,0.0,0.0,0.0,0.0,0.0,0.0,0.0,0.0,0.0,0.0,0.0,0.0,0.0,0.0,0.0,0.0,0.0,0.0
7.075912466999853,0.0,0.0,0.0,0.0,0.0,0.0,0.0,0.0,0.0,0.0,0.0,0.0,0.0,0.0,0.0,0.0,0.0,0.0,0.0,0.0,0.0,0.0,0.0,0.0,0.0,0.0,0.0,0.0,0.0,0.0,0.0,0.0,0.0,0.0,0.0,0.0,0.0,0.0,0.0,0.0,0.0,0.0,0.0,0.0,0.0,0.0,0.0,0.0,0.0,0.0
7.256014621999839,0.0,0.0,0.0,0.0,0.0,0.0,0.0,0.0,0.0,0.0,0.0,0.0,0.0,0.0,0.0,0.0,0.0,0.0,0.0,0.0,0.0,0.0,0.0,0.0,0.0,0.0,0.0,0.0,0.0,0.0,0.0,0.0,0.0,0.0,0.0,0.0,0.0,0.0,0.0,0.0,0.0,0.0,0.0,0.0,0.0,0.0,0.0,0.0,0.0,0.0
7.436245633999988,0.0,0.0,0.0,0.0,0.0,0.0,0.0,0.0,0.0,0.0,0.0,0.0,0.0,0.0,0.0,0.0,0.0,0.0,0.0,0.0,0.0,0.0,0.0,0.0,0.0,0.0,0.0,0.0,0.0,0.0,0.0,0.0,0.0,0.0,0.0,0.0,0.0,0.0,0.0,0.0,0.0,0.0,0.0,0.0,0.0,0.0,0.0,0.0,0.0,0.0
7.617252878999807,0.0,0.0,0.0,0.0,0.0,0.0,0.0,0.0,0.0,0.0,0.0,0.0,0.0,0.0,0.0,0.0,0.0,0.0,0.0,0.0,0.0,0.0,0.0,0.0,0.0,0.0,0.0,0.0,0.0,0.0,0.0,0.0,0.0,0.0,0.0,0.0,0.0,0.0,0.0,0.0,0.0,0.0,0.0,0.0,0.0,0.0,0.0,0.0,0.0,0.0
7.797303187000125,0.0,0.0,0.0,0.0,0.0,0.0,0.0,0.0,0.0,0.0,0.0,0.0,0.0,0.0,0.0,0.0,0.0,0.0,0.0,0.0,0.0,0.0,0.0,0.0,0.0,0.0,0.0,0.0,0.0,0.0,0.0,0.0,0.0,0.0,0.0,0.0,0.0,0.0,0.0,0.0,0.0,0.0,0.0,0.0,0.0,0.0,0.0,0.0,0.0,0.0
7.977267163999841,0.0,0.0,0.0,0.0,0.0,0.0,0.0,0.0,0.0,0.0,0.0,0.0,0.0,0.0,0.0,0.0,0.0,0.0,0.0,0.0,0.0,0.0,0.0,0.0,0.0,0.0,0.0,0.0,0.0,0.0,0.0,0.0,0.0,0.0,0.0,0.0,0.0,0.0,0.0,0.0,0.0,0.0,0.0,0.0,0.0,0.0,0.0,0.0,0.0,0.0
8.157063687000118,0.0,0.0,0.0,0.0,0.0,0.0,0.0,0.0,0.0,0.0,0.0,0.0,0.0,0.0,0.0,0.0,0.0,0.0,0.0,0.0,0.0,0.0,0.0,0.0,0.0,0.0,0.0,0.0,0.0,0.0,0.0,0.0,0.0,0.0,0.0,0.0,0.0,0.0,0.0,0.0,0.0,0.0,0.0,0.0,0.0,0.0,0.0,0.0,0.0,0.0
8.336994675999904,0.0,0.0,0.0,0.0,0.0,0.0,0.0,0.0,0.0,0.0,0.0,0.0,0.0,0.0,0.0,0.0,0.0,0.0,0.0,0.0,0.0,0.0,0.0,0.0,0.0,0.0,0.0,0.0,0.0,0.0,0.0,0.0,0.0,0.0,0.0,0.0,0.0,0.0,0.0,0.0,0.0,0.0,0.0,0.0,0.0,0.0,0.0,0.0,0.0,0.0
8.518035156999758,0.0,0.0,0.0,0.0,0.0,0.0,0.0,0.0,0.0,0.0,0.0,0.0,0.0,0.0,0.0,0.0,0.0,0.0,0.0,0.0,0.0,0.0,0.0,0.0,0.0,0.0,0.0,0.0,0.0,0.0,0.0,0.0,0.0,0.0,0.0,0.0,0.0,0.0,0.0,0.0,0.0,0.0,0.0,0.0,0.0,0.0,0.0,0.0,0.0,0.0
8.698276821000036,-6.430950011595387,-6.789501128712262,-7.1313401716560305,-7.450456769746346,-7.740181248370007,-7.9931553878612505,-8.201305935946383,-8.355821556343948,-8.447133962163903,-8.46490405090152,-8.398013927683065,-8.234565774524608,-7.961888595163815,-7.566553936880179,-7.034401761899111,-6.350577710645281,-5.49958306632723,-4.465338794040874,-3.2312650865947496,-1.7803779022789104,-0.09540402538368742,1.8410837831512508,4.046509951730032,6.538115974249891,9.33275539125921,12.446662289069064,15.895191766913275,19.692530880910816,23.8513786563447,28.382593869363475,33.294809438494056,38.59401243830602,44.28308895527172,50.36133325249736,56.8239209988011,63.66134665187839,70.85882546833213,78.39566104845954,86.24457981413263,94.37103436705443,102.73247828515518,111.27761558976448,119.94562885807083,128.66539076657014,137.35466473364963,145.91930128464597,154.25243779162244,162.23371034307718,169.7307852916402,176.6078167868033
8.877960707000057,-6.606219714408395,-6.959882280931113,-7.2943487028853395,-7.603315303254057,-7.879804135228821,-8.116134695243986,-8.303898675952446,-8.433938471519873,-8.496330214834646,-8.480372195405305,-8.37457957742333,-8.16668640920499,-7.843655987405162,-7.391700711339834,-6.796312633685592,-6.042305982861569,-5.113872998548546,-3.99465448394945,-2.667826535309728,-1.116204959529625,0.6776310670870922,2.731194513431797,5.061923575073358,7.686990708666569,10.62308601336636,13.88617337912239,17.49121786765544,21.451882860495207,25.780195602349632,30.486179890073487,35.57745481053011,41.058798617729515,46.931677063914364,53.19373576396953,59.83825648093131,66.85357757578393,74.22247927047938,81.92153483250024,89.92042930554217,98.18124798715372,106.65773749341561,115.29454295574072,124.02642566813594,132.77746634696152,141.46026008112506,149.97511004004372,158.2092280703257,166.03824906620326,173.33467050749488,179.9809422491643
9.05825841199976,-6.859938641936257,-7.20571914926091,-7.528596143764493,-7.821834246125475,-8.078002307756334,-8.288946601266236,-8.445767477032714,-8.538800241991293,-8.557601085628288,-8.490938948770639,-8.326794302637161,-8.052365878194157,-7.654086458501868,-7.117648918707083,-6.428043768788921,-5.569609522147017,-4.526097277565962,-3.28075096180608,-1.8164047337396259,-0.11559909712063199,1.8392826938454396,4.065856325713403,6.581554589825519,9.40342039637562,12.547873033832051,16.030446106382666,19.865495641123278,24.06587694010566,28.64258886285092,33.604384365407945,38.95734629550379,44.704427652910326,50.844955773046415,57.374100183326505,64.28230421918175,71.55468087336727,79.17037379146633,87.10188482170122,95.31437008146541,103.76490711947417,112.4017364339771,121.16348135673225,129.97835113174614,138.76333290910367,147.4233793390604,155.85059949092994,163.92575955170918,171.52670424537337,178.54142937004048,184.8766314819522
9.242806689999725,-7.190498572631541,-7.52529707977422,-7.832263267105344,-8.10409301196474,-8.332758557645764,-8.5094837138762,-8.62472308891903,-8.66814616692237,-8.628627115150799,-8.494241278166927,-8.252269389368053,-7.889210603895777,-7.390805530108309,-6.742070508715748,-5.92734445839865,-4.930349673214918,-3.7342680191827986,-2.321834033813703,-0.6754464816291263,1.2227000407362967,3.390461826079595,5.84556946315379,8.605426282870582,11.686880211675959,15.10596743112836,18.877626295444273,23.015380035320202,27.53098687944285,32.434056357647236,37.73163071468588,43.42773056415516,49.52286415150915,56.013499876576326,62.891502052938264,70.14353025731734,77.75040305014097,85.68642733205367,93.91869514361203,102.40635031987972,111.09982808112456,119.94007137807017,128.85772861764127,137.7723382749793,146.59150685137848,155.21008766687092,163.51166669722005,171.37696614282774,178.69689586647064,185.38108425078468,191.3595832036577
9.423386746999768,-7.773838553244384,-8.104351392800172,-8.400422651994168,-8.653877875931613,-8.855766710902367,-8.996339849042489,-9.065030784990348,-9.050443288159485,-8.940345569657547,-8.721672199402526,-8.38053490600069,-7.902243468733778,-7.271337986730148,-6.471633884127667,-5.486281080718147,-4.297838824011574,-2.8883677395583875,-1.2395407102666094,0.6672257592491766,2.8506180022938166,5.329247759985694,8.12144913929549,11.245048245199111,14.717103799888157,18.55361711036517,22.769209818228994,27.37676796486302,32.387051034554524,37.80826480040982,43.64559699652336,49.90071507805128,56.571225612063365,63.650095169798306,71.12503296876463,78.97783594456014,87.18369742084863,95.7104810950903,104.51796267071693,113.55704214665796,122.76893052542343,132.08431552401655,141.42251177011417,150.69060194111822,159.78257635723932,168.58077728869293,176.96425874634878,184.8217920099423,192.06034860136575,198.6068250808018,204.40771760659212
9.60707436299981,-7.817702374156575,-8.106041654795098,-8.353651355888388,-8.551921898497781,-8.691472447128776,-8.76213298437781,-8.752931859538808,-8.652089753480851,-8.44702107604185,-8.124343886628331,-7.669899502976871,-7.068783036325473,-6.305386162662961,-5.363453508255977,-4.226154092160354,-2.8761693276427454,-1.2957991369724513,0.5329122216433646,2.6280289817948237,5.007553695402592,7.689232393195702,10.69033342113408,14.027398319748368,17.715963158897218,21.770248809111685,26.20281872524034,31.024202941399146,36.242487131269854,41.862865777701145,47.887158723574146,54.31329064531113,61.1347333046117,68.33991079641314,75.91156842512089,83.82610631024893,92.05287935009353,100.55346576118077,109.28090706506399,118.17892311548356,127.18110655054792,136.21010191872517,145.17677566591632,153.9793841850876,162.50504583685125,170.63812731401737,178.27327416073362,185.32391666062333,191.72401492667242,197.42760006113832,202.40802737923988
9.791032348000044,-8.228734653050338,-8.488765004635322,-8.699909471858927,-8.852721839633029,-8.936952989478957,-8.941537223763326,-8.854584978302979,-8.66338294835055,-8.35440272891822,-7.913319146280747,-7.32503953252768,-6.573745268308147,-5.642946989412894,-4.515554919428077,-3.1739658521054044,-1.6001683619199922,0.22413213201350057,2.317366786614331,4.697933552822819,7.384002492052723,10.393294496488151,13.742831740938104,17.448658236863224,21.525528925274205,25.98656583723508,30.84287997159612,36.103157692374474,41.77321063606319,47.85548834535791,54.34855311371348,61.24651683821949,68.53844003999853,76.20769362518553,84.23128442902477,92.57914611415141,101.21339758503575,110.08757173704262,119.14581808357109,128.32208360100668,137.53927700111961,146.70842258605612,155.72781086368605,164.484451817886,172.86244120448947,180.75596969448597,188.07780610495763,194.76101859367353,200.75849074797253,206.04210813332514,210.6014229290014
9.972028649000094,-8.923816383523091,-9.164582438918337,-9.346628293663699,-9.459345626466153,-9.491263836164563,-9.430040135285422,-9.26245716590981,-8.974429280893485,-8.551018714065266,-7.976462942973852,-7.234214626140504,-6.306995572564574,-5.176866273252682,-3.8253125914979185,-2.233351269078475,-0.38165595788395157,1.7492944710324672,4.179043558239384,6.926959026890957,10.012006893331932,13.452496134367983,17.265792166786348,21.46799745699701,26.07359766755942,31.095071865903385,36.5424654719315,42.422924808724446,48.74019234770206,55.49406200986675,62.67979420179883,70.28749063257023,78.30142937940447,86.69936114944241,95.45176822603293,104.52108819412452,113.86090521401427,123.41511235914503,133.1170493548012,142.88862095307866,152.6394021576318,162.26573757117814,171.65214089691753,180.67960514727565,189.23855361530448,197.23726313923248,204.60352388771733,211.28409301522888,217.24381824458004,222.46428008637525,226.94262735708213
10.152404212999954,-9.504399177793601,-9.711810151426448,-9.84989772612823,-9.906930407762847,-9.870268362935015,-9.726358723031815,-9.46073960658853,-9.05805411477655,-8.502075638523127,-7.775745898126951,-6.861227216178344,-5.739970600945918,-4.392801288831072,-2.8000234595504407,-0.9415458947646553,1.2029696018484808,3.6539351695186415,6.431637365017391,9.55600926609375,13.046372335744696,16.92114621348631,21.197524657911224,25.89111594989332,31.015546180961543,36.58202399989706,42.59886557594141,49.07097876269841,55.99930571654268,63.38022354087826,71.20490289675445,79.45862494501188,88.1200574691735,97.16049157554737,106.5430409812267,116.22180658547865,126.14100977883997,136.23409878026425,146.42283320874805,156.61635309445796,166.71023961745482,176.5878736472373,186.1287027091045,195.2211465395703,203.77097290653722,211.70290810950584,218.96003974386724,225.50288807236478,231.30799505570917,236.3666945323424,240.68445932283265
10.33605392499976,-10.024187070056637,-10.186106533697117,-10.26704707137675,-10.254133572406126,-10.13354455176057,-9.890513985787866,-9.509343162308504,-8.9734239118809,-8.265274672843235,-7.366590926364345,-6.258311617946141,-4.920703257284976,-3.33346345763543,-1.4758457371869556,0.6731925433413197,3.1348171926306794,5.930117209696757,9.07987586315057,12.604310886562391,16.522781877444505,20.853463041255356,25.612979502894838,30.816005519613526,36.47482307446615,42.598839511922606,49.19406310066869,56.26253567676586,63.80172183707765,71.80385452217087,80.25523725376667,89.13550377827082,98.41683641894343,108.06314505879561,118.02920936811888,128.25978765827554,138.68869659037338,149.23786689676686,159.81638128762464,170.31950181625493,180.62999278326433,190.62634983674985,200.19566548960455,209.24196281964038,217.68776189265517,225.4734366560883,232.55623885277004,238.9088382602283,244.5180430504686,249.3840732567924,253.52000084394146
10.520015437999973,-10.655951265048506,-10.769037599201237,-10.787872234135266,-10.698247125699355,-10.484960303682403,-10.131824874866151,-9.621689522647843,-8.936472001176092,-8.057207210646375,-6.96411152593072,-5.636665131715147,-4.053714192279455,-2.193594751306231,-0.03428031480955518,2.4464448835858636,5.270784903402822,8.460701356251402,12.037650857556766,16.022288649604487,20.434136422761384,25.2912124375939,30.609622157317474,36.40310774105498,42.68255492741046,49.45545605867712,56.72532826253127,64.49108612436565,72.74636855362428,81.4788199758129,90.6693264724972,100.29120804877071,110.3093688355224,120.67940773639408,131.34669281045126,142.2454035449268,153.2975461212505,164.4119478148799,175.48323779765244,186.3931204485425,197.01855189092416,207.24455007800114,216.97247033723312,226.12151110868,234.62800787474973,242.44439214134988,249.5376651528714,255.88805058534967,261.48819973240296,266.34260380523966,270.4670925180571
10.701403922999816,-10.984099895078602,-11.021018556164442,-10.949761750874815,-10.754980336111235,-10.420316949382023,-9.928424802732813,-9.260999475437425,-8.398825310274798,-7.321838106217498,-6.009205883982464,-4.439429578632399,-2.5904655835891384,-0.4398721311802012,2.035018455839783,4.856899571679564,8.048260104075068,11.631122089296923,15.626744175296533,20.055288867498547,24.935451604113602,30.2840498111143,36.11557022471948,42.441672945066365,49.270650902573394,56.606843682304905,64.45000496555915,72.79462321612493,81.62919566546786,90.93545614082363,100.68755783709635,110.85121276183082,121.38279028649437,132.22837802084322,143.32280909401356,154.58866087961448,165.93523124557782,177.25749954543292,188.43737841423075,199.351867055788,209.88583632470474,219.94027751115297,229.43377957821804,238.30179288430776,246.49555630846507,253.98053754444857,260.7350509199108,266.7494263988936,272.0253845674118,276.5754564780039,280.422471370572
10.88505915099995,-11.53925449484794,-11.5021806011769,-11.340967233583127,-11.038819406250278,-10.577898494745853,-9.939351040571026,-9.103352304948043,-8.049166315642687,-6.75522423979547,-5.199222999266135,-3.3582461211809864,-1.208908883333618,1.272470130235443,4.109668906017948,7.326331126562838,10.945702353615129,14.990331091698685,19.481732593464468,24.44001333439779,29.883454181977314,35.828050416742535,42.28700693377397,49.270187166808725,56.78351453774415,64.8283255458967,73.40067397846383,82.49058615064514,92.08126757532061,102.14826202257153,112.6585645631343,123.56969090147876,134.82870609782853,146.3712166581024,158.12033094017266,169.9855938873551,181.86190325855213,193.6307133974677,205.16813723734262,216.3576768894768,227.0984148081259,237.30643041096675,246.91400036720978,255.86845970651254,264.13057381149645,271.67308601485206,278.479814897933,284.5449566097996,289.8724316889035,294.4753753416741,298.37584028792384
11.06900845600012,-11.437308901790479,-11.278124751177332,-10.97895597724571,-10.522074457477387,-9.8887427294967,-9.059257165443151,-8.013007530214745,-6.728554745363503,-5.183728763532824,-3.3557485341453583,-1.2213661077143874,1.2429630183875542,4.060881167849605,7.255899196033546,10.851134464631961,14.869013915420226,19.33094011620208,24.256918217695162,29.66514185676884,35.57153617274709,41.98925627321943,48.92813969792653,56.39411168791944,64.38854237658059,72.9075553835961,81.94128771701797,91.47310137663185,101.4787476084375,111.92548538960104,122.7711564301065,133.96321976572438,145.4377498908165,157.11840334261134,168.91535970424368,180.72424414492795,192.42733748062562,203.90168438400596,215.03183001514847,225.718016979017,235.87760739204606,245.44428816223638,254.3669365169058,262.6079957101066,270.1420254877157,276.95480125159656,283.04261707350764,288.4116318597187,293.07735742635833,297.0642358518697,300.40505004212423
11.253777076999995,-11.592589351966547,-11.31491033168951,-10.87924891707838,-10.266608700660846,-9.45699405990537,-8.429467812967545,-7.162227157692693,-5.632699829123802,-3.817662489983492,-1.6933834388209366,0.7642082203225238,3.5793247570263933,6.776091122597391,10.378283155722166,14.409030463837546,18.890481792352574,23.8434307554338,29.286899894727554,35.23768115980628,41.709831070143494,48.71411902707104,56.25742749963993,64.34210311491861,72.96525804546219,82.11802150900239,91.78474168242381,101.94213888840447,112.55841154327287,123.59229706315416,134.99209071668432,146.6946262905986,158.6242234032031,170.69160736360527,182.7928086346515,194.81034783346607,206.62131686202216,218.1100864182406,229.17647179062206,239.7371217363507,249.72468858837183,259.08665669327524,267.7836792095127,275.78808797473744,283.08295055130526,289.6613298088648,295.5255855977526,300.68681757448235,305.16439689959066,308.98534851640306,312.18353594599824
11.43770911699994,-11.492455255064787,-11.070629113964575,-10.471907475948065,-9.676163556109184,-8.662310001954586,-7.408373554942239,-5.891589949801827,-4.08852108194799,-1.9751965455130365,0.4727182942056851,3.2797254820264587,6.470266663638267,10.068462027509426,14.097813746761283,18.580871701228748,23.538859318903583,28.99125746598427,34.95534443952704,41.44569028008471,48.47360382779097,56.0465311983179,64.16740465936829,72.83394124834538,82.03789089214851,91.76423427530644,101.99033125753674,112.68502127093468,123.80767783490032,135.30722011802126,147.12108535465262,159.17416689381167,171.37772372281373,183.62826847094902,195.80873977820687,207.79656957741454,219.47637550221984,230.74811029313466,241.52843297947115,251.749859970764,261.35957315944006,270.3177350777912,278.59597584704795,286.1764260740852,293.0509511207853,299.2204263877056,304.6941527854518,309.48936025274367,313.6305611976033,317.1486828467707,320.080283008343
11.622011107999697,-11.520443740906476,-10.950261181143235,-10.182366190006057,-9.195281581762284,-7.966597440704373,-6.4730635619059305,-4.690704302791932,-2.594957993154527,-0.16084311728371858,2.6368464650916916,5.823314954824648,9.423504382754757,13.461798390658807,17.96168772785106,22.945395221016437,28.433458059417084,34.44426535699774,40.99354911107442,48.09382687835877,55.75379473735239,63.977669406101825,72.7644787405244,82.1073002556901,91.99244779533544,102.39860702828203,113.29592107911269,124.64502830912843,136.39605505685788,148.48756702960853,160.84548401286844,173.38196363656928,185.99426110965615,198.56587072606595,210.9745596231484,223.10502395505716,234.85699932396733,246.14659024148347,256.9053767758713,267.0791755402786,276.6263051538882,285.5160210425242,293.72749390740245,301.2489875094657,308.0770756876493,314.21599812068314,319.6771030924998,324.47813960916045,328.6423283998759,332.19759796049436,335.1763307713848
11.80686558799971,-11.047489642949984,-10.28903948353204,-9.311703840285848,-8.093017472045897,-6.609664056307037,-4.837590118070724,-2.7521435007623136,-0.32823860013933626,2.4594493636909576,5.636258722234116,9.227282047944493,13.257070822633004,17.749301775069686,22.7264026297834,28.209135091941576,34.21613301082961,40.763393820796686,47.863721557735694,55.52611999553659,63.755134744968046,72.55014351170622,81.9045941254517,91.80519043303745,102.2310266999461,113.15267179152534,124.53120511215698,136.31720707231275,148.4497077342516,160.8550982612472,173.44601086650906,186.12017412977,198.76154944090038,211.24835900798368,223.46573554939476,235.3138254708976,246.70911026003745,257.5835042157936,267.883105634164,277.56645155112847,286.6029408839247,294.9718002796426,302.66124830587404,309.6676978972138,315.99509657207585,321.6543526955146,326.66261016378127,331.04230108473433,334.8203626693583,338.0279288155534,340.70025083136915
11.990813753000111,-10.371478682185401,-9.402016113632078,-8.191441995542544,-6.716391901888388,-4.952755131274956,-2.8758124116277033,-0.460400355933424,2.3188950495945173,5.4875136037773515,9.070662352252711,13.093021009043763,17.578409017403775,22.549411980030712,28.026965270288045,34.02989275230295,40.57439869270139,47.67351114443075,55.33647532793984,63.56809583141606,72.36802680443606,81.73000973299283,91.6410588632155,102.0805948910293,113.01952816033503,124.41929331778164,136.23083816250417,148.3935703087612,160.8342662524327,173.46594850269105,186.18673761126652,198.8809848226795,211.42729574675255,223.71117513704485,235.63312454095038,247.10995751954064,258.07389052251773,268.4712865085173,278.26090138457926,287.41229808159693,295.9048025549037,303.72665733000156,310.8742124985246,317.3512536772141,323.1684152119803,328.3424410183782,332.8952226586324,336.8530009081763,340.24604134363517,343.1085037399756,345.4780799967237
12.171203662999687,-9.64715911183454,-8.452876141857613,-6.99384315459046,-5.2457435111965856,-3.1836263326348373,-0.7820695273993006,1.9846280811699248,5.142223182836661,8.716270594123715,12.731829684542607,17.213132262636243,22.18320961673519,27.663476483850758,33.673269833289424,40.22934050335649,47.34529592409923,55.03099240077799,63.2918757261659,72.12826923952122,81.5346088609191,91.4986251064195,102.00047263717236,113.01180851890567,124.49482107213336,136.40121198257881,148.67113522027032,161.23209728881884,173.99782439748697,186.8671033213337,199.72490160816199,212.45037747246684,224.92950940359563,237.06317720339274,248.76845910831176,259.9777030471727,270.6372491012035,280.7056532289876,290.15207707630003,298.9552181796279,307.1024362217339,314.58891530381027,321.4169618300793,327.5953863962793,333.13873221178574,338.0662798258808,342.40121461646686,346.17026781650503,349.40355115043235,352.134189066575,354.3978673306383
12.35464022899987,-8.546580247375395,-7.095425358668078,-5.355327504411493,-3.3012716704300686,-0.9077614799424722,1.8509894221618222,5.000834538438358,8.56743786391856,12.575981024926524,17.05083184877721,22.015172047904144,27.490581779214814,33.496578951301856,40.0501113025359,47.1649994662151,54.85132947921112,63.11479348245949,71.95597770986124,81.36959727147419,91.34367771213842,101.85868387280561,112.88659720373002,124.38994338117979,136.32077286718336,148.61959792960076,161.21429061182104,174.01894721162293,186.93272600075875,199.84096380986432,212.62318178466035,225.1657103066525,237.36976476021312,249.1527367686862,260.4472589198913,271.1999200189483,281.36948090502057,290.9252556292915,299.84603228440005,308.1191891300142,315.7398459711738,322.710150384043,329.0386471870048,334.73949370212915,339.83145060274904,344.3370348418146,348.28214548512085,351.6958825842609,354.61016315311196,357.0592357450263,359.07933955790577
12.536281721999785,-7.124736162000795,-5.388433781509687,-3.3383963106224357,-0.9491190696290279,1.8051960471547819,4.950418131926737,8.512231018457056,12.515840848075449,16.9856450818248,21.94486064003908,27.41510892737857,33.41595561266859,39.96440318272639,47.07433448190648,54.75590568871265,63.01488747204219,71.85195341711305,81.26191521966055,91.23290462144034,101.74550260534627,112.77181698945155,124.27451026086442,136.2057802772013,148.50629734029235,161.10410211776932,173.91346995744087,186.8337483104096,199.750472870966,212.5433727217287,225.09899445885105,237.31877695995976,249.12034139749179,260.43655449716647,271.21424205832705,281.41240275114757,291.0005869661694,299.95781498447656,308.27169009142807,315.93754656921726,322.9577321422181,329.3409732533653,335.10158569826086,340.2584603961369,344.8342107779056,348.8547926035879,352.3493163353176,355.3496561247784,357.88995691160636,360.0062508395744,361.73605831015317
12.719747385000119,-5.453964043506204,-3.4091594963283613,-1.0251634227202007,1.723869576950734,4.863862930516122,8.420562335669635,12.419243807265694,16.884383159742026,21.839284599431565,27.30566617752035,33.30319996489527,39.8490049590985,46.95709092524994,54.63775161148314,62.89690606969633,71.73538715892295,81.14817671616446,91.12358735297478,101.64239138035632,112.67689798454002,124.1899804768436,136.1340562267911,148.45002276362206,161.06615450155908,173.8969656127528,186.84204574228048,199.78717415119812,212.61232255378036,225.2042766013215,237.46470765281768,249.31145941319926,260.6776074174792,271.5101683571191,281.76830924446887,291.4217211732814,300.44953192825903,308.8394130537779,316.58672130738654,323.69377406601933,330.16920706141724,336.0271769746075,341.2863386773444,345.9689836158699,350.10065017156137,353.70992615491616,356.8280475308363,359.4883949206192,361.72609914705623,363.57761385117266,365.0801882854049
12.900114571999893,-3.542633762149261,-1.1673587089237327,1.5731231110728352,4.70484857055526,8.25369075797756,12.245067784533468,16.703612987571585,21.65280419199939,27.114549765815234,33.10872931490738,39.652687009689664,46.760675726198116,54.44325042132929,62.7066094505027,71.55188288086408,80.974367259018,90.96270676407637,101.49802121947094,112.55298205544169,124.0908380132717,136.06439316698035,148.41494071292652,161.07115694698948,173.94796091673516,186.94534640587938,199.9494917997293,212.84075806051257,225.5063047282345,237.84815555159224,249.78447829527838,261.2486366697245,272.1878913499288,282.5616000529235,292.33958140971106,301.5010168674253,310.0335462205494,317.93239669235174,325.19964513799334,331.84356175840554,337.87779787771075,343.32034760662185,348.19266993469677,352.51928214795504,356.327544806175,359.6472424731997,362.5100618601315,364.9491787830664,366.99881212161745,368.69368963981026,370.06864244840347
13.0835953589999,-1.155363688840501,1.5844988332119962,4.715395591638599,8.263177086601464,12.253237875098478,16.710186873688166,21.657476742906887,27.116990091773097,33.108580349841006,39.64956530175033,46.754171469310656,54.43292776323344,62.69200711522143,71.53251514592979,80.94972533012495,90.93226059207322,101.46122180672326,112.50926430053966,124.03962414478812,136.00509681844767,148.34697169234565,160.9939267549463,173.8608890675208,186.84786760581568,199.84106403612023,212.72087165319235,225.37449239348308,237.70400352514883,249.62763855720752,261.0788403088829,272.0049630996409,282.36547402209334,292.13031802487166,301.27882103104304,309.7987866791467,317.68562659457774,324.9416237475452,331.575277269574,337.6004912621861,343.0355373989507,347.9021778403287,352.2252593320791,356.03249869343983,359.35406385788093,362.222052093306,364.6700767678489,366.7328208095079,368.4455016807057,369.8434298792195,370.9616750871542
13.265093313999841,1.5271814308764018,4.654091176222664,8.197925109847287,12.184124367593583,16.637350483159313,21.581115127652147,27.037366656097525,33.026031302881115,39.56450701496946,46.66710810119199,54.344459112261944,62.60283665410651,71.44345818115588,80.86171722131121,90.84636495526529,101.37863861462347,112.431337780811,123.96785036494975,135.94113083253634,148.29263411047776,160.9512095822198,173.83196064339953,186.8350764593098,199.8469414557974,212.74813275442946,225.42603544851357,237.78290730451928,249.73715741438934,261.222396723175,272.1861373763583,282.5879908335999,292.3980294615472,301.5956858180673,310.1688452033634,318.1129713760192,325.4303649828491,332.12950306992354,338.22422220701367,343.73267502895385,348.67644671988114,353.08014232243914,356.97116509486284,360.37929010145155,363.3361346926882,365.87473727788927,368.0291025834371,369.83365827130336,371.32280499249646,372.5305682831848,373.4902565350019
13.44863425199992,4.335693630398486,7.861133617383144,11.829677510182904,16.266278746060593,21.194773673452364,26.63746962289271,32.61468749979918,39.14425685465491,46.24096157226863,53.91593455477541,62.17600005742911,71.02296267673879,80.45284239194864,90.45505552817438,101.01154204766394,112.09584018962737,123.67211017382402,135.6941094634452,148.10412295347004,160.83185241604593,173.79327059868038,186.88944653785464,200.00764753947817,213.02932795589044,225.8427345746432,238.35096012283708,250.47320933322732,262.1438354197996,273.3110238341532,283.93497318141874,293.98623794679355,303.4446071915647,312.298174750386,320.54244079587795,328.1795443012362,335.2175747660478,341.6697257538174,347.5532200819576,352.8883932511963,357.6982460841192,362.0081869130886,365.8455676532703,369.23911560349137,372.2184726039862,374.8137000135324,377.054694697071,378.9706984654752,380.5899097966501,381.9391951481729,383.0441461238763
13.628976091999903,8.098647709095202,12.078993413286355,16.526579903621972,21.465008823083437,26.916328741759948,32.90057684173459,39.43527320183101,46.5348658502092,54.210124988160004,62.4674850752705,71.30833380911011,80.72824743653184,90.71617230349395,101.25355309093148,112.3134088005991,123.85935825187303,135.8445976330485,148.21083352333784,160.88717576896246,173.78899566251883,186.81675604285135,199.8571188223238,212.79094012707267,225.50588292123948,237.90447867401633,249.90540256940335,261.44252015792705,272.4635823702222,282.92841881583956,292.8072940580272,302.07980105689364,310.73394733888665,318.76527377607346,326.17610551310355,332.97488340243,339.17533847813974,344.7954392756421,349.8564985333746,354.3827501761149,358.4011168285197,361.94077207926733,365.0325991970909,367.7087577578286,370.0022164440792,371.9461969741293,373.5737113313076,374.91720081378236,376.0082738646325,376.87769016389825,377.5553623460275
13.812526696000077,12.090300366813914,16.53834452038471,21.47717781687167,26.928836732993368,32.91334523365096,39.4482090258959,46.547860588078294,54.22305337885724,62.48020391768604,71.32068077147262,80.74003988617052,90.72720617197619,101.26360179154051,112.32222221709807,123.86666181958424,135.85009153545084,148.21419202964412,160.88804674046997,173.78700025791824,186.81148865511582,199.84814728226124,212.77780621109048,225.488103203317,237.88154576427655,249.87678678399152,261.40767166710253,272.42193387361243,282.8793887956463,292.7502906625653,302.0142266681315,310.659203878581,318.6807688055921,326.08125918203524,332.8691363005192,339.0581604438755,344.6663392128952,349.71503528472033,354.22854449781335,358.2338645074499,361.76025822632545,364.838713744561,367.5015121799061,369.78176170996613,371.71284273180663,373.3279463071179,374.6597143982041,375.73997883799177,376.5997464971283,377.26918462851256,377.7772446970565
13.994191465999847,16.656693103343052,21.60219015351071,27.060214313806426,33.05067951768864,39.59096929423027,46.69538125133821,54.374520788566706,62.63464274364911,71.47694002117878,80.89677865718252,90.8828792445411,101.41644518625712,112.47023886139566,124.0076074870191,135.981461243399,148.3332071038332,160.99164277890853,173.87181625208282,186.87385755265987,199.88408830290993,212.7830192556428,225.45796572463092,237.8111124985675,249.7607927705005,261.2405390139216,272.1977827568846,282.5920532081389,292.39333945535424,301.58099045538927,310.1428083997414,318.07417536092674,325.3773127763199,332.0606221443386,338.13786947249747,343.62714328776326,348.5499727416369,352.93091669791124,356.797344031127,360.17900932542085,363.1075256331093,365.61594569768397,367.7383098345553,369.5091053428037,370.96281951914636,372.1335946762127,373.0549819876066,373.7599414832075,374.2808420151564,374.6490472337705,374.8942524311704
14.177636447999703,21.40207669182358,26.849536699659232,32.83003983506133,39.36116189111537,46.45741313400792,54.129632854916956,62.38433176138973,71.22298123494603,80.64124888492795,90.62818029774104,101.16532742054731,112.22582463413453,123.77341426601333,135.7614240765937,148.13170012321189,160.81349937322534,173.7223475024518,186.75886848258068,199.8098914501754,212.7564450279603,225.48636895394213,237.90237456127363,249.92331859244334,261.48324823045033,272.53009425012914,283.0238621962548,292.93498626261965,302.2432200483109,310.9367197335384,319.0111595437625,326.46897902639137,333.3187104884442,339.57414911512217,345.25329556826983,350.37745759516406,354.9708215444798,359.0602140387699,362.6746580285102,365.8448249381757,368.6025943777257,370.9805797010247,373.01156439412335,374.72803149780947,376.1617946253839,377.34372758484557,378.3037401456936,379.0707540198355,379.67226537940843,380.1337227514944,380.4782444300237
14.358315835999747,26.795074644398895,32.772437741368186,39.30054695927392,46.393962549802005,54.063579394316726,62.31596965524382,71.15267227185248,80.56942872475582,90.5553649620092,101.09211991901788,112.15292167953133,123.7016130207162,135.69162886648107,148.06492904452458,160.75089070840554,173.6651658503857,186.70851049755657,199.76789107219105,212.72447807480833,225.46625693281933,237.89608754455836,249.93297698883774,261.51112326897885,272.5786069806223,283.09558079605097,293.0326214254224,302.36961821760457,311.0948539298666,319.20411752271656,326.699948492558,333.5909610800732,339.89101086516933,345.618133540047,350.79364238541234,355.44169534362976,359.5890519378455,363.2646242649845,366.4989237795328,369.32361535199794,371.77103689864794,373.87362958561323,375.66346083755167,377.17184874382923,378.42908491019017,379.4644033423245,380.3059494850515,380.98033580282305,381.51201281372977,381.9229971617923,382.2330470751715
14.542743490999783,32.840056475130766,39.37175397785504,46.46855698664171,54.14129558108827,62.39647022677323,71.23554098528629,80.65416302454922,90.6413683296224,101.17869405421136,112.23925856885896,123.78678695824527,135.7745885019304,148.1444895449081,160.82572613089866,173.73380183648177,186.7693174116334,199.81907772132897,212.76408616105363,225.49215640401283,237.90597302528113,249.9243654888804,261.48135338291576,272.524839808451,283.01480283129814,292.92164967346145,302.22510782299724,310.91330860711724,318.98190309968714,326.4333098896694,333.27604306102836,339.5238829059548,345.19481917205235,350.3101533752726,354.8940710764254,358.9734043711444,362.57718881839304,365.7361165174301,368.4820968054023,370.84778285512965,372.8660091532088,374.56932205910397,375.9896120014085,377.1578443145404,378.1040362489123,378.8572342155312,379.4450775778248,379.89317781906766,380.2248545747237,380.4612956196804,380.6217393097942
14.727001773999746,39.798872886651765,46.91964674001536,54.615267987991324,62.89183929962692,71.75037911934359,81.18605521639161,91.18736461540465,101.73526039348368,112.80222644940457,124.351302051516,136.33505875745794,148.69453317560104,161.3581200094523,174.24043089623848,187.24112572309073,200.24602199800978,213.1350925354617,225.7950814056751,238.1275697881136,250.0502563139174,261.49600988432155,272.4115719750951,282.7557584423161,292.4978256133093,301.61637494857524,310.0984519254843,317.9386791184471,325.13852310186377,331.7056436207226,337.65308763787965,342.9982581366932,347.76204427752106,351.9684238589531,355.64425837044416,358.81888487916524,361.5236064566495,363.7912925877535,365.655947783085,367.15219328416754,368.3148439348322,369.1785886074226,369.77777097478406,370.1464178996311,370.3182691870408,370.32639463914796,370.2026268033473,369.9773503979843,369.6797149269709,369.3377178524872,368.97762317763824
14.910792233999928,46.64294915465371,54.324811328211474,62.58857341020453,71.43552717985845,80.86114176675571,90.85424464029573,101.3961493231665,112.45973090378084,124.00845112083277,135.9953355768553,148.36190651154595,161.03707553406113,173.93600178053546,186.958922132417,199.99225902214965,212.9166160326967,225.61939118405712,238.00283948896345,249.98534930215237,261.5004903880038,272.49571065294566,282.9305314932969,292.77490647726063,302.00811758190616,310.61786457174,318.5993874310013,325.95472141589227,332.6920331149895,338.8248000748166,344.37076382298574,349.3510428482751,353.78971645796133,357.7135997786977,361.1518141352841,364.13525451819567,366.6961656034296,368.86768458473927,370.6832957665765,372.1763790728004,373.37986096633034,374.32596470495434,375.04620736949636,375.57139760788993,375.9312202681217,376.1536365842724,376.26464121458815,376.2884430029994,376.2475172412376,376.16209312894006,376.04957209466073
15.094764897999994,54.32737242651301,62.59175510010759,71.43938891969934,80.86574484176082,90.85965180215025,101.40242436086828,112.46693813998847,124.01665482782431,136.00459930616864,148.37229233138024,161.04864316858962,173.94880764542228,186.97301826105218,200.00769187742782,212.93342519957656,225.63760793865947,238.0224852406088,250.00643390551377,261.52301032347094,272.5196470743716,282.9558481435441,292.8015474733874,302.03600507345425,310.6468962774053,318.62943406101186,325.9856239896833,332.7236001862721,338.85680487888993,344.40294136415207,349.38308694849195,353.82127679140484,357.7442789207262,361.181164658379,364.1627761718149,366.7213026193358,368.8898231542501,370.7017617413178,372.19043594590624,373.3887081966099,374.328736452302,375.04197171573367,375.55915634325197,375.90990932969146,376.12212723877695,376.22174208403317,376.2329030375677,376.1780297496353,376.0773009818483,375.94808000949854,375.8049115701501
15.276380031999906,62.552314371579214,71.39820354948418,80.82298019137981,90.81551410769238,101.35716468341177,112.42085644108937,123.97010414663569,135.9579900102207,148.3260964081335,161.00339851956295,173.90512233899105,186.9315746939106,199.9692507882161,212.89882947129772,225.6077861192661,237.99845470354637,249.98930356409156,261.5139828047268,272.5200202496459,282.9670159043291,292.82499963223523,302.07332626087384,310.69976369684525,318.6996139552966,326.07496666375926,332.83403342294133,338.9903255764998,344.56160521811705,349.5689959922138,354.0365646068127,357.99109332447523,361.46164766694045,364.47904104750006,367.0754077999672,369.28374287200114,371.13735314147107,372.66940252424115,373.91255938514206,374.89874319750373,375.6591179115198,376.2240860032909,376.6228694103803,376.88290605589253,377.0296033030418,377.0865152602527,377.0753917684851,377.0156628289532,376.92385998892144,376.8136326820415,376.6961264938169
15.459750401999827,71.39647435774945,80.8214127294674,90.81414858830503,101.35604521554562,112.42003115443762,123.96962529302198,135.95791403760074,148.326484002323,161.00431460846283,173.90663605369048,186.9337592806572,199.972183464856,212.90259122140947,225.6124614168479,238.00413116077013,249.99607149431787,261.5219346926886,272.52925012046177,282.977618582812,292.8370698838241,302.0869578054469,310.7150480866861,318.7166393085861,326.09381624517397,332.85478406326575,339.01304592361384,344.5863538123263,349.5958191596544,354.065494165608,358.0221440994603,361.49481481012356,364.5142971630119,367.1126998740805,369.32298901089894,371.1784391218245,372.7121781643392,373.9568347473184,374.9442846359431,375.70564398321545,376.2712632639772,376.67030812169673,376.93015583485465,377.0761487501098,377.1317716079051,377.11870059822496,377.05628791109393,376.9609833063132,376.8463507060976,376.7234583636519,376.6011957002495
15.640282542000023,80.83820716239842,90.83209534793187,101.37513054233594,112.44022750047188,123.99088955598401,135.98018569260904,148.34968313568058,161.02833985902103,173.93136246932218,186.95903609932444,199.99783183194532,212.92840185740124,225.638192251989,238.029504956239,250.02077347240743,261.5456102017884,272.55150236409645,282.9980064456811,292.85510589168666,302.10210625979295,310.7267234194201,318.72420470640486,326.0965825979251,332.8520092953037,339.0039347719958,344.5700581205737,349.5714387607073,354.03207843246895,357.9786942468122,361.4402870348412,364.4476067159086,367.03272615935657,369.22858181350307,371.06842606620535,372.58537351075125,373.81204963383567,374.78033887550504,375.5213795252459,376.06555942923825,376.4420987169063,376.678448250049,376.80004513659577,376.8304922277364,376.79160942726077,376.7029205666584,376.58107735705755,376.43987840566297,376.2906618309186,376.1426303345591,376.00305557858275
15.824884636999741,-0.8367982550343376,19.995008675613583,40.7456161616033,61.36959870628577,81.81776366664647,102.03524376784118,121.959606161022,141.51898319266593,160.6302307531788,179.19941856110495,197.1292610791217,214.33121716179315,230.73308799360478,246.27987563516885,260.9324577561872,274.6659530544475,287.46762479817653,299.3349846616812,310.2744685180423,320.30033723380996,329.43363987214116,337.7013364184256,345.13552603287513,351.77254108403906,357.6518345834812,362.8150454676851,367.3055506392498,371.168222134965,374.4489918689954,377.1943239902488,379.4508047606143,381.2647067718079,382.6814711201366,383.74528847663754,384.4987864390717,384.982819088232,385.2365052846328,385.2972688480102,385.20046608671396,384.97882872667344,384.6622630117186,384.27807140298336,383.8510442904358,383.4029851256325,382.95217020994187,382.513400913146,382.0984267046726,381.71629776135956,381.37361132275765,381.07472039388193
16.00895899299985,-1.2958871583234393,20.676587829608255,42.5460830790945,64.24905602229082,85.71803207052855,106.87959806171318,127.65241765058728,147.9452755317407,167.657455733775,186.68606343337223,204.9380190226424,222.3375545125755,238.8269750154457,254.3652412197519,268.92624761097613,282.49664405703237,295.07386304549175,306.66472429669545,317.2842698083333,326.95466670542805,335.70427494023426,343.5668257455432,350.58047096802574,356.78663075278973,362.2290238585779,366.9531893351313,371.0062177391244,374.4362941378892,377.29215273557753,379.6226528206273,381.47633264271144,382.9008846284783,383.9427326640636,384.6467186225591,385.0558938521409,385.2115619557952,385.1533258013989,384.9187240266134,384.5426848860816,384.05733801012065,383.4922502986558,382.8745331568981,382.228384271461,381.57456494546415,380.93047054501864,380.31057220839205,379.7267883406894,379.18874981215566,378.70399825631296,378.27805869247663
16.192980599999828,-1.8836658702007878,21.165702642496406,44.08855063596338,66.8012348419283,89.21603916070666,111.23907554737735,132.76821276713895,153.69333942587562,173.9035717408255,193.29913566001403,211.79875415823156,229.34030307735497,245.87929193962037,261.3870449019814,275.8484297945053,289.2597977721861,301.6275054733588,312.9666728442384,323.3000140499819,332.65683851289316,341.0721679336946,348.58572933742073,355.2407514982212,361.0829488790105,366.1600016521614,370.5212497947741,374.2172033111933,377.29896821064335,379.81779772488875,381.82462515561485,383.3695215401353,384.50125864243796,385.2669842281605,385.7120051223059,385.8798241675045,385.8121838129931,385.5487013952802,385.12632375992087,384.57914160107265,383.93862955553726,383.2337590760057,382.4905471052831,381.7315413974869,380.9758998697776,380.23984197008764,379.53703042002394,378.87884708868563,378.2746022315916,377.73161236916917,377.25513436418487
16.376825393999752,-2.5258686424102406,21.520898048055894,45.4155968133229,69.05233078847239,92.3210096070034,115.10516575671286,137.28210292860626,158.7299881565675,179.33961852715677,199.0216943065444,217.70736273076992,235.34658963601814,251.9062347251649,267.3676789317777,281.7246668290639,294.9817363043352,307.152888904162,318.2603384430807,328.3334350238473,337.4077103750592,345.523804547252,352.72620127760274,359.062156077459,364.58112549526726,369.3344154080841,373.3746502319713,376.75516249900375,379.52951209168947,381.75099131980386,383.47205881593635,384.7438825394199,385.6159986270697,386.13608136841805,386.34997020269435,386.3017062489583,386.0331632143147,385.5835001169816,384.98897599203184,384.28319241165235,383.4972106437381,382.6591062734477,381.79346193992274,380.9214553807588,380.061320580863,379.22874019738595,378.43713282943185,377.6978741791686,377.02038718963854,376.4120769519313,375.87821368620916
16.558081045000108,-5.651114925380802,19.58275420355119,44.619949758693984,69.3297244276348,93.57721428839929,117.22345456587058,140.1323370212379,162.1822412665284,183.27317317937658,203.3271758203062,222.28657102565788,240.11190832147625,256.7794703332188,272.27899822874286,286.61200989265336,299.7903646130604,311.8349121581494,322.7743235935391,332.64404987687203,341.48516833763983,349.34304436356786,356.2661923106981,362.30564401121416,367.51454261843634,371.94756353593965,375.6602617106281,378.7085543926036,381.14819534272476,383.0341832472953,384.42028440280177,385.3586761748627,385.89970626918307,386.0919134676854,385.98206209395727,385.61477480308423,385.03199088038457,384.2727899620591,383.37364675173205,382.36856329494947,381.28864136951415,380.16159537072116,379.01186260292826,377.86108848306594,376.72854452483034,375.63144235518183,374.58518247620873,373.603472505148,372.69829031122924,371.87973708130636,371.1557676370459
16.741883058999974,-0.4249699718479828,24.897550011693305,50.03505097641793,74.83031321664646,99.12379728565745,122.76055161448284,145.601784764659,167.53193723769823,188.45901983666434,208.31277819768502,227.04256143965773,244.61474527527272,261.0103741617684,276.2233961107296,290.2591447471449,303.1329071999164,314.8686757828254,325.49803002115874,335.05890956879284,343.5942056989551,351.1505556795988,357.7776486396175,363.5277608420421,368.4551222382199,372.615213665599,376.0642038355252,378.85838210092726,381.05352974196467,382.704409784681,383.86438178587844,384.5851365310405,384.9166961901398,384.9074320720574,384.60368443609474,384.0492113968905,383.2850066771423,382.34955161396226,381.2789478038174,380.1064927581019,378.8621987538403,377.57291158735376,376.2628065233231,374.95381908446774,373.66597369861057,372.417648668825,371.2257119382425,370.10550279163436,369.0707042322283,368.1330525322476,367.3018711286932
16.92598123300013,0.8887828195354144,26.58805720020627,52.08258994562158,77.18882932808638,101.72991266299019,125.54716431558944,148.50708469102008,170.501599048017,191.4461274195573,211.2773550825719,229.95055525093318,247.4371297474446,263.72274230692204,278.8056999981838,292.6954221189177,305.41109517766625,316.9804610659678,327.43849941480846,336.82593217816014,345.1879350326604,352.57336440437723,359.0342181777967,364.6249320415899,369.4016108628139,373.4214042199472,376.7418820296986,379.42035291748095,381.5133052304629,383.0759769872452,384.16204955329863,384.82361041495733,385.11113701009896,385.0730858843155,384.7553140152824,384.200871865035,383.4502333727731,382.54140908371073,381.50950460240995,380.38622437912454,379.19997737025864,377.9763617092834,376.7385858891083,375.50778934136304,374.30330076078604,373.1427685433559,372.04213839252066,371.0155227599069,370.07490856297727,369.229713461261,368.48647897403873
17.11074606000011,-0.9452531567483903,25.295167125824918,51.2897034212618,76.83518707200467,101.74902933163042,125.87611845542344,149.08896797138027,171.28567942078482,192.38760081296934,212.33653407733436,231.09215869390516,248.63004740736426,264.939930603299,280.02404964046985,293.8956985528835,306.5779018946247,318.101990272348,328.5060020499725,337.83329615729383,346.1316850665204,353.45280616445467,359.8513335756831,365.38412986572166,370.1095467361303,374.0867305798363,377.37487543848613,380.03260311778956,382.1174765831314,383.6856412296519,384.791739186727,385.4888483890573,385.8280304486839,385.8577139317464,385.62345236022736,385.16812191479903,384.53200480400403,383.75232026714025,382.86270301029435,381.8932854220803,380.87116052777134,379.8207830242409,378.76427114367374,377.7216475797135,376.7109537548515,375.7482124198981,374.8472832162176,374.019557636705,373.27350369112946,372.61440070141515,372.0445354649835
17.29086919700012,-0.7522078075886994,25.603529090937247,51.69480634420492,77.3101867665434,102.26803094073654,126.41658175541643,149.63185134215482,171.81519390781824,192.89041979468385,212.80111980532726,231.50857736782487,248.98992661460176,265.23639799683053,280.2517520195547,294.05084989509083,306.65812354736914,318.10587421255974,328.4327852112854,337.68295849231276,345.90519361286385,353.1521115587812,359.47922310034886,364.9441509897595,369.60586199727845,373.5238513988266,376.75745969075064,379.3653276290961,381.40498412373665,382.93271204995955,384.0034435838486,384.6702689458765,384.9837849866325,384.9918227486878,384.739618781343,384.26987596381474,383.62227558670753,382.8329402679383,381.934503822406,380.9565648142878,379.92608090318123,378.86766650035446,377.80383173719207,376.7550967935887,375.7399563467934,374.774738541771,373.87330469000045,373.0465997735362,372.3023939509286,371.6454802860062,371.0780848981101
17.474637988999802,397.35843479691545,396.16522175314776,394.94593720982346,393.7018040159467,392.4344852356438,391.1463902625565,389.84059528774395,388.5202216406183,387.18793151572095,385.8459112162183,384.49599442159763,383.13976322290966,381.7787251376708,380.4145138627108,379.04887633077976,377.6833764708779,376.3192032831618,374.9573956145957,373.5992057174157,372.24620793103253,370.90025654041494,369.5635068026366,368.23836007019526,366.9272807270548,365.63266992180314,364.3568074504657,363.1018615693202,361.8701169997559,360.6641778410962,359.4867342617412,358.34012423614564,357.22623411876873,356.1468072924603,355.10361089492017,354.0980263956025,353.1305673862152,352.2009842480937,351.30873572108675,350.4533875293166,349.6349033707993,348.85386880979047,348.1115844029426,347.41000485095424,346.75157035766847,346.1388779364078,345.57420402769645,345.05921966932226,344.59516424365927,344.18316511737004,343.82419953609445
17.654820854999798,396.3881288947219,395.22367696966296,394.0225796637591,392.7878033034342,391.5230313269212,390.2325816797765,388.920782938633,387.59146856111755,386.24795928108836,384.8931860482559,383.52979115050084,382.1603056293911,380.7873506489936,379.41362528898696,378.04161107056706,376.6733807377954,375.3108235955565,373.9560094043354,372.6112970936704,371.27929227162264,369.9628674493093,368.6651058395737,367.3891163793883,366.1379048973309,364.9143127191085,363.721022435634,362.5607810438869,361.4365971290783,360.3515009159326,359.3080984194559,358.30846345518876,357.35443672198437,356.4477819440334,355.5897648359856,354.7806582551715,354.0198332155088,353.306215810654,352.63867023756865,352.01627327753187,351.43852083918887,350.90540297765267,350.417324283079,349.97491594289176,349.578687361879,349.2285288727341,348.92340697222795,348.66151832980717,348.44059013508945,348.2578870914179,348.1100988890002
17.836051907999718,398.63921367787907,397.1657503007659,395.6663968877659,394.1461686988331,392.6104485236614,391.06438641116176,389.51241659318606,387.9582615445357,386.40507552168424,384.8555651803739,383.312185361006,381.77735769511133,380.25347451016324,378.74261835895766,377.24638472391905,375.7661202337983,374.3032984365718,372.8596394400978,371.4370774525747,370.03779020053776,368.6641511452134,367.3185522107729,366.0032820111925,364.7204709347614,363.4721028768566,362.26024389677224,361.08724453156617,359.95550465755326,358.8670321905276,357.8233394428698,356.825746405763,355.8755409950394,354.97356207253335,354.119708650818,353.3130349952465,352.55221170528785,351.83591299546515,351.1630955563881,350.53320961786073,349.94627863899086,349.40282452273584,348.903684655745,348.4496686466246,348.0410662758711,347.6773480646148,347.3573246717353,347.07945263889707,346.8418467335638,346.6421610808373,346.4776633611902
18.019802991999768,396.3772119796784,395.10438063468376,393.7864010290234,392.4299892158306,391.0416628837551,389.6272416135656,388.19183626781955,386.73997972842704,385.2757364542965,383.8028888208371,382.32514776930685,380.84615012071197,379.3691727613958,377.8969511356852,376.43191427266197,374.97655828545584,373.53356455449136,372.1057665321121,370.6961790573396,369.3079510183221,367.9441889984781,366.6078368211951,365.3016222858883,364.02807082528824,362.7897363043376,361.58940564341384,360.4298661112306,359.313466537978,358.2420162308706,357.21709082863885,356.24019510586453,355.3123485152481,354.43359685548313,353.60310976182546,352.8196440876431,352.08193338646447,351.3889688669296,350.7402124370307,350.13567825928425,349.57585971309766,349.0615480659736,348.5934907292431,348.1719006157713,347.79615801247536,347.4649711842719,347.17668323730135,346.92928550091847,346.72029962975176,346.5468585017307,346.40586460145533
18.2037201549997,412.3714287327484,409.67345320131653,406.97041629818864,404.27679557694745,401.605022138647,398.9655905845107,396.3673059339612,393.81750447625967,391.32234611678217,388.8871254380444,386.51636360537356,384.21361117334334,381.981349142347,379.82130046321186,377.7348739482711,375.72334686244983,373.78789022948746,371.92965086936687,370.1497511560026,368.44915430199006,366.82858027100247,365.2884838074288,363.82909451760275,362.45066943226084,361.1537149445307,359.938767180686,358.80596226479685,357.75494046747986,356.78515367993543,355.8960264249497,355.08653638968804,354.35471806081773,353.6977493484849,353.11240145417975,352.59541237706713,352.14374961579443,351.75480286779674,351.4264433360753,351.1569267326297,350.9446864797301,350.7879651931068,350.68429618407566,350.63017662666977,350.6211988558522,350.65232759298937,350.71788364797754,350.81139661353484,350.9256569688071,351.0529276769045,351.1853101467217
18.388443154000015,385.75383222323006,384.88247837810763,383.9842953786126,383.0600591463428,382.110490388921,381.1363401501074,380.1384545544926,379.11791706081397,378.0762160519424,377.01520036815543,375.93675319857437,374.8425719335686,373.7343663360351,372.6141970677803,371.48456085065953,370.3483262417491,369.2087339298428,368.0693223889232,366.93372650494615,365.80553405588694,364.6882112899949,363.5850972734798,362.49961716052184,361.4354709937934,360.39638680089627,359.3856691533782,358.4060868839694,357.46016911059274,356.5503594896527,355.6785943987937,354.84580835020625,354.05202624695033,353.29682246853065,352.5797069162432,351.9004033151545,351.2590603173343,350.65633176024147,350.0933029129977,349.5713089529881,349.0915934936825,348.6548186307432,348.26076787327776,347.90850813521195,347.5966982772289,347.3236044254731,347.0869842389957,346.884170176293,346.7123114525975,346.5686938994834,346.45095277767587
18.572812917999727,379.4978080899823,378.95707996198854,378.38991836343683,377.7938472799832,377.1668536500564,376.50741950394706,375.81463218017683,375.0883206675914,374.3289808660782,373.53742033584854,372.71451026471505,371.86135711216764,370.9796160442088,370.0715524956302,369.13995587764657,368.1881193606181,367.21974657578915,366.2387328484019,365.24900582764127,364.2544367349794,363.2588218713319,362.266084499014,361.2804536648702,360.30620868432135,359.3472204044041,358.40683289073365,357.48815463478644,356.5942091509632,355.72751061014435,354.8895677572391,354.0809756717638,353.30187530453406,352.55234086817103,351.8326603257566,351.14354946990284,350.48623589375035,349.8623896339391,349.2739466746606,348.7227730793025,348.2101811608571,347.73663900003174,347.30193942552035,346.90551588316845,346.54646535267267,346.2234404117122,345.9347404205673,345.67856143564956,345.4533239736022,345.25787621721855,345.09132393983833
18.753139933000057,383.17609560642427,382.4577706151854,381.69451960484054,380.88787977224985,380.03952278441284,379.151381482243,378.2258035850078,377.26549492404087,376.27318254160144,375.2513851788238,374.202603432962,373.129651544469,372.0357370206484,370.92439200562825,369.7994702383361,368.6650703728309,367.52533322067217,366.3842977434645,365.24582699370086,364.11360363333006,362.9913451461444,361.88299532026593,360.79248073894485,359.72326342360367,358.6782333061935,357.6600096646168,356.67110143225585,355.71349207317064,354.78815231768795,353.8951403661536,353.03406954335975,352.2045035306868,351.4062444687901,350.6395544700179,349.9052468867182,349.20462415715076,348.5393084561379,347.9109129506733,347.32056510038956,346.7686233349094,346.2548532393269,345.7787506843696,345.33957206207015,344.9362337207253,344.5674105570941,344.23179334949316,343.92842391832806,343.6569056591574,343.4172233047371,343.2093745217366
18.936897917999886,381.9279568212159,381.1498993658986,380.3342869759412,379.48219688599016,378.59501852423847,377.6746075877079,376.7232292095738,375.7432205999727,374.7367607250644,373.70605934068897,372.6536873726739,371.58265487752493,370.4963405158592,369.3984863986298,368.2931190948095,367.184344370656,366.0762004954887,364.9725813154702,363.87722872501394,362.7939446492032,361.726779108167,360.6797830939628,359.6565573942308,358.6601410283442,357.6933084171446,356.758725183696,355.8585282624628,354.9938335973449,354.16483102236435,353.3712462943147,352.6127303924842,351.8891413681464,351.20075927521,350.5483705233135,349.9331984737404,349.35672650811733,348.8203613777896,348.32494828699214,347.87047906133563,347.4562595593836,347.08122379822674,346.7439549968684,346.44257568365305,346.17483688845624,345.9383660772359,345.7309930014692,345.5509511064634,345.39668846764874,345.26651992503986,345.15850833458063
19.12168275699969,378.906750950204,378.20492493063693,377.4715139664219,376.70618109293633,375.9092416552957,375.08159526420866,374.224377066653,373.33871602311706,372.4259126195849,371.4877581040743,370.5266015661745,369.545268864644,368.5470473248106,367.53559704609916,366.51473643237415,365.4882868143847,364.4599873928194,363.43348015205595,362.41251487266106,361.4011308231605,360.4034038667521,359.4229901184913,358.46300981660625,357.5263405241234,356.61576955089794,355.7335712640601,354.8810125561731,354.05844605227213,353.2657710111975,352.5028220213106,351.7696507572465,351.06674131209996,350.3950954283799,349.756164429175,349.1516740594919,348.5832900244669,348.0521356550281,347.558503028427,347.10202367552637,346.6819863177928,346.2973618074858,345.9466973842479,345.6282102327287,345.3400399593124,345.08057911709705,344.84867937547347,344.64346725107697,344.4640010128292,344.309145041849,344.1776270145744
19.30585569899995,384.6721464901379,383.57364171686476,382.43907460042243,381.272441763652,380.0777932552337,378.85891790778976,377.6191354763424,376.3615077380076,375.0891904383218,373.8055322380415,372.5140245376478,371.218316007309,369.922152599617,368.6291906229942,367.3428677358347,366.06634310367554,364.8025064038425,363.55420585822367,362.32445194328454,361.11618559546434,359.93184214176966,358.7732547233789,357.64196644057495,356.5394012274092,355.46645924682264,354.4230402009306,353.4081542640642,352.420400719762,351.45837452528787,350.52096618988037,349.60759559507784,348.7183161871232,347.8537664405566,347.01501488986537,346.20324659022657,345.41930249780705,344.66341314054296,343.93539273638794,343.2349812065957,342.5618942394865,341.9157434749592,341.2961567242097,340.7030577429283,340.13702455523764,339.59952375822184,339.0927545201439,338.6193336416203,338.1821976747029,337.7846061131601,337.42988656021794
19.489989995000087,377.5772416623774,376.8220514172961,376.0318328059326,375.2079161879787,374.3518562460445,373.4651898981019,372.5496138833279,371.6073040733866,370.6409827909005,369.6538381045444,368.6495089879261,367.6319971490181,366.60545311024,365.5740213768217,364.54175589117614,363.51260539341547,362.490618786903,361.4801270609368,360.4854904785308,359.5106421378036,358.55897154430403,357.6336172848178,356.7376186678402,355.8734919745934,355.04273456659536,354.2459164086151,353.4831389411608,352.75442138256034,352.05997970867617,351.40043880768275,350.7769141181758,350.1909395391839,349.6442878117018,349.1386311510077,348.6750535562152,348.253756124125,347.8742215031739,347.5355249391436,347.2363521002178,346.97488581468826,346.74889173269986,346.55596256421273,346.3938400645241,346.2606124147344,346.15452097460127,346.0736080916128,346.01558232944495,345.9777855543933,345.9570132332978,345.9494544199511
19.67479423499981,391.468517351523,389.60916853364955,387.73198264460785,385.845961856463,383.95892977967924,382.0778041313816,380.2090084379155,378.3586285657201,376.5324176524883,374.7358630103516,372.9741755665462,371.2521492469118,369.5740750244874,367.9437207681637,366.3643764949839,364.83911514870005,363.37102551511435,361.9630060701818,360.6173509822525,359.3356720391767,358.1192257408049,356.9690955850909,355.88579536453375,354.8687968988241,353.9166419468608,353.02741841890656,352.1991611559475,351.4301427100801,350.71909480655984,350.06529697530794,349.4685093154288,348.9287957621366,348.4461857994716,348.02018620344063,347.6494842947891,347.33210898334687,347.06573719594275,346.847706010304,346.6748927579899,346.543793232933,346.45075777900104,346.3923045458844,346.365307676143,346.3667945145847,346.3935836366679,346.4421401719632,346.50853297504204,346.58824511291255,346.6761274141108,346.76680802196336
19.85887540800013,370.98309249282755,370.4554139908885,369.9010087479231,369.3179018146409,368.7046901194227,368.060833813782,367.38669571789643,366.6834330884076,365.9529558154155,365.19781204473196,364.4209489668161,363.6255337457945,362.81484589884104,361.99224083762317,361.16133474342513,360.32616738393705,359.49093162062775,358.6595007429988,357.8352972833002,357.0215724084738,356.22154575206724,355.4379713201163,354.6726327007867,353.92642711500696,353.1998182160808,352.49321768831703,351.8072608593947,351.14301678770704,350.5020690942161,349.88644428629766,349.2984337298219,348.7402570030445,348.2135780106077,347.719215133856,347.2573114993396,346.82765275974174,346.4296925133431,346.0624474291933,345.72459201787797,345.4147126224272,345.1316397160952,344.8746560619101,344.6433146101228,344.43709770625395,344.2552938509236,344.09697631617706,343.9608348249916,343.84514975988515,343.74816945823557,343.66841037803465
20.042865498000083,373.2853614940557,372.5492441004247,371.784568145977,370.9915335030917,370.17097477525505,369.32441733040616,368.45398537740385,367.5623760841351,366.65276064305345,365.7285599519545,364.79327982500735,363.8504169997918,362.903435620057,361.9559643451006,361.01197068311967,360.07550129576487,359.15021941638577,358.2392830486183,357.3456330610983,356.47214106513434,355.6211827377006,354.79413985142247,353.9914905835035,353.21326804850224,352.4594471435319,351.7302249602271,351.02623526494386,350.34863335710367,349.69902809327897,349.07930727276033,348.49130415669345,347.9363165363094,347.4148196620895,346.9266391495105,346.4712712872567,346.0479109032987,345.65534888268814,345.2920693008096,344.95650576743253,344.6473760858191,344.36389279581897,344.1055834874053,343.87195246373875,343.6623599971812,343.47600348082256,343.3117516754419,343.16812150621263,343.043657950061,342.9372309879317,342.84791407106104
20.227366286999768,370.41485182671363,369.7522995660215,369.0676286223353,368.35983089728495,367.6287670052991,366.87506398557696,366.1000787949115,365.3057886262799,364.4945558456092,363.6689525727964,362.8316562712432,361.9854161125651,361.1332403437032,360.27856132045025,359.4249670124996,358.57573017246904,357.73367887840664,356.90147760207367,356.08176872071664,355.27674016057506,354.4876224552899,353.7147748087761,352.9581401216684,352.21762908109315,351.4933985765921,350.7860649497017,350.09678839087854,349.42720527300384,348.77925461673925,348.15484645722404,347.55538352280973,346.98147753044213,346.43312620346376,345.9100384248969,345.41166766544535,344.9371157601196,344.4852369729886,344.0549019162851,343.64534039349,343.25636069448456,342.88817918140444,342.5410916886915,342.2153629165312,341.9112180464765,341.62868769494514,341.36759556323136,341.12794921685344,340.91024784697856,340.7153423898601,340.54411997451416
20.411977177999688,384.36054684165026,382.6385917226381,380.9049801020091,379.1674039716947,377.43315918470137,375.7092018413394,374.00212914590026,372.3180320035236,370.6624039514655,369.04011743986234,367.45546695439486,365.91242900127116,364.4148954720844,362.9664691008306,361.57005216002335,360.22777210129055,358.9413133245038,357.7121050556805,356.54093111051463,355.42746493708614,354.37038965557394,353.3678831966931,352.418028792419,351.5191162440359,350.66987464317776,349.8695730315391,349.1179659624958,348.4151303344127,347.76114143890356,347.15559980681485,346.5973503261995,346.08465990480477,345.6155412537121,345.18778309170114,344.798849001458,344.44597503151124,344.12642576212346,343.83782805497424,343.57838016385796,343.3466701939372,343.1413355826478,342.96093993277174,342.8039515806261,342.668575173179,342.55272577603654,342.45440611482957,342.37200098011004,342.3041243579544,342.2493261775724,342.2059887022826
20.595540720999907,374.60039330855597,373.65846069201024,372.6768520154107,371.66058607204184,370.6149446808823,369.5453871365768,368.45734004751375,367.35604726449463,366.2464909793361,365.13338351148246,364.0213797952656,362.91526704887303,361.81972027651256,360.7388546696533,359.67611851511725,358.63459568327175,357.61716755561184,356.6261000401987,355.66255893508963,354.726713221255,353.81820624928883,352.9365549365303,352.08144226446166,351.2529436196981,350.4516233355343,349.67847827281435,348.93477469004876,348.2217262310078,347.5400245023372,346.88956360988044,346.2696248249479,345.67920885968954,345.1170759568212,344.5816559328791,344.07115817840446,343.58384124324215,343.11836113602953,342.67399592238746,342.2504805133369,341.8476832162926,341.465500272166,341.1038526467288,340.7625362258029,340.44121480084596,340.1398162992419,339.85884612659413,339.5992530040716,339.36215399487224,339.1487022295538,338.96001042122174
20.77612582399979,371.6777483729013,370.67142015113575,369.64898837511623,368.6135588438298,367.5686003458679,366.51773364405386,365.4645792098717,364.4126749543579,363.365463624014,362.32650000831865,361.2996345577062,360.2887621656528,359.2973672678047,358.3284089384985,357.3846151166936,356.46863586628746,355.58262135264187,354.727727817293,353.90421114349294,353.11188797822507,352.3505245197296,351.6201182448395,350.9211130968566,350.2544844623298,349.62167074190614,349.0243977276743,348.46434357491944,347.94265579888787,347.4596616228593,347.0150378072085,346.608127399193,346.237963572814,345.90316266697675,345.60201640086854,345.3327428782871,345.0938155032343,344.8841673959291,344.70300521860656,344.5494640163667,344.4224793465264,344.3207610335618,344.24261978923255,344.1859361976998,344.1485326585827,344.12846232150093,344.1238505912521,344.13259612589354,344.15221510002556,344.17981157273107,344.2121857664359
20.957256791999953,377.14170600637107,375.6626785505725,374.17585963138066,372.68808586259735,371.2058303710049,369.7350914030449,368.2813498918521,366.849595431174,365.4445706210499,364.07099023915737,362.7333238798326,361.435373132095,360.18018692232386,358.97038412283916,357.8083333217223,356.6957554445771,355.63325253512807,354.62042232599356,353.65633861562293,352.73995762048645,351.87041564479165,351.04725866272247,350.27054022063896,349.5407645469627,348.8587211669932,348.2251588966055,347.6403107317056,347.1036110454334,346.6138713071605,346.1696018454242,345.7690399040393,345.4100461765254,345.0901998713108,344.807051989284,344.5584560018815,344.3427735805574,344.1586893443449,344.00486628364865,343.879818182032,343.7818834167876,343.70905141693476,343.6589313128593,343.629123400307,343.61750747743605,343.6220836546723,343.64067257572026,343.6707588336663,343.70946042889125,343.75363607802376,343.80014799817565
21.14061046400002,376.2909040047197,374.75150395323834,373.21618933185505,371.69100174074293,370.18145878442385,368.6925156365308,367.22859463128657,365.7938328950872,364.39230452447663,363.027806008444,361.7034360255721,360.421513303894,359.1839017096791,357.99219252798906,356.8473096954981,355.7490413643315,354.69615750193344,353.6868936181761,352.719360865296,351.7918479303818,350.90305539346645,350.0521990369295,349.2389590719662,348.4633216566632,347.7252606556131,347.02427123197714,346.35909675534185,345.727915307291,345.12867337032077,344.5591270074375,344.01675276918183,343.49885842443047,343.00285323139286,342.52659696134026,342.0686253381872,341.62798585914146,341.2039156374668,340.7957375544841,340.4028590473353,340.0246247350775,339.66031231711474,339.3095322399292,338.9725450350028,338.6501317401922,338.34332412108523,338.0532782173746,337.7812737622242,337.5288509424991,337.2980149256696,337.091143392183
21.324793836000026,367.4755147153613,366.5613690484231,365.63187476009944,364.69078922694763,363.74186972559767,362.7888504410243,361.8356401242655,360.886496971911,359.94576944862746,359.0174341682688,358.10497447225424,357.2116687919612,356.3407386518278,355.49492194426244,354.67597470563317,353.88476093175717,353.1217103431642,352.3872041530163,351.68185405535354,351.00671489757195,350.363367308737,349.7538470324416,349.1804671206883,348.64548072150114,348.150595836588,347.6966833222098,347.28394421114774,346.91222374528024,346.5810322396964,346.2894348402064,346.0361401091368,345.8197470097514,345.6390693732005,345.4933354020904,345.3819960887443,345.3043741263451,345.2595295640617,345.24622652617114,345.2627522235657,345.3068777527801,345.3762212780401,345.46852764042256,345.5814999926218,345.7124904105948,345.85833329396655,346.0153044457643,346.17921770140003,346.34558999792984,346.50963219083695,346.6662685945137
21.509685003999948,363.7328999774169,363.0800074792693,362.4052721641072,361.7111982086742,361.00047886763605,360.27617058101566,359.541845456376,358.80131092697997,358.0581277659857,357.3154701463784,356.5763968727502,355.8439836710453,355.12088218843144,354.4088089467329,353.7086237964253,353.02077778565035,352.34569049797597,351.6840220749862,351.03688038437696,350.40589960092836,349.7931669443432,349.20104372558967,348.6318284297428,348.08727320716145,347.56829504188005,347.0751476708708,346.6077416392039,346.165672606873,345.74811996275565,345.35394567228275,344.98195291810407,344.63122360290896,344.30133224897804,343.99217014704936,343.70361129989084,343.4353963701212,343.1871189003948,342.95806497041053,342.7471957081228,342.5535331571541,342.37646343325554,342.2155926372184,342.07046232240896,341.9404081514413,341.82454442864713,341.721886145467,341.63153916577244,341.55271556077895,341.4847072869019,341.4269976915698
21.693609148999712,366.1858494182137,365.25652724053555,364.3135288299496,363.36116092823045,362.40385215205964,361.4463277881262,360.49335097354054,359.5492613338382,358.61785467882453,357.7026728093403,356.80715326264277,355.9342046030301,355.0857104668867,354.2626218846604,353.4654177781133,352.6944936775437,351.9504438719548,351.23427745460657,350.54750453700626,349.89206938412144,349.2701766336448,348.6839583403043,348.1349932313789,347.6240194575826,347.1511069289583,346.71597663734894,346.3180270982707,345.9562299852952,345.6292249019085,345.33557286955846,345.0740876218758,344.84404226235864,344.6449851632703,344.4763966794352,344.33756291865734,344.2275508737978,344.14503612357777,344.08827256879573,344.05546476308285,344.045056837156,344.0555735603323,344.0853204253891,344.1322264921297,344.19381279150105,344.2672980583873,344.349772568378,344.43819725526055,344.5293614899813,344.6200255148501,344.7070799877524
21.87762100100008,366.0538749841326,364.8424939702592,363.65356727718836,362.48941108836715,361.35260980504967,360.24577647972524,359.1711081545591,358.13027990341834,357.1247468283007,356.15590403367503,355.22467037811293,354.330999401127,353.47397713165043,352.65228685497414,351.8646010553354,351.1098659132618,350.38751897954813,349.69757645146234,349.04056694943586,348.41735809537596,347.8288237646622,347.2753635217857,346.75661564029053,346.27162990583724,345.8191877057812,345.39782963251713,345.0057527606509,344.6409076223325,344.3012545310862,343.9850984078008,343.69129972163114,343.419095470476,343.1677618126944,342.93649462034114,342.7243922775546,342.5302919391627,342.3527487128927,342.19041830891075,342.0423571272803,341.90787528481,341.78624941012606,341.6765788690167,341.5777681313514,341.4886469386809,341.4081589190443,341.33537567587064,341.26946955940707,341.20987091830824,341.15639576523273,341.1091876422355
22.061721933999706,361.7746520811303,361.0179600763379,360.2566681477197,359.49338502399013,358.7309561938883,357.9719846463965,357.2186930024109,356.4731962525685,355.73763507539263,355.01373547526424,354.30229807021215,353.60327666221843,352.9162260893054,352.2406794970278,351.5764203284479,350.92368957535297,350.28326463926464,349.6563866264879,349.0445823081488,348.44932855152274,347.87157067170483,347.3114360484969,346.7684091567656,346.2416554682717,345.73005441179293,345.23210351578746,344.7460237262392,344.270025521811,343.8026549544779,343.34301720470336,342.8906115529159,342.44500935563576,342.0057512715383,341.5723480329779,341.1441359452803,340.720276538115,340.3001608655039,339.883732367901,339.47136372866476,339.0635944705168,338.6610128544939,338.2642646745631,337.87420046791334,337.4920916249514,337.11967223749383,336.75913967675217,336.4133394509144,336.08591999477665,335.78122562291514,335.5038636516028
22.246682516999954,377.984055316526,376.1351673550488,374.2890994399873,372.45750280873847,370.65041549804005,368.8762231354212,367.14202844630415,365.4538788757489,363.8164175981228,362.23246087869376,360.70316114563815,359.2285355811707,357.8079202546905,356.44031505064703,355.1246599487616,353.8599790745113,352.6453694615786,351.4798809167225,350.36223498923033,349.2903947208419,348.2613267737806,347.27122235905574,346.31586471359157,345.3907036159407,344.4907993760972,343.61096660778736,342.74607772187005,341.8914455827074,341.0430832239799,340.1975748234168,339.3517898094553,338.502816613379,337.648000610964,336.7848376612934,335.9110128658012,335.0248452127156,334.1256521551827,333.2136696527351,332.2898344776641,331.3557123593935,330.4135545210993,329.4664940358638,328.5188123354573,327.5760324965431,326.64497201479503,325.73398026345654,324.8531458585416,324.014241650078,323.2301864847851,322.5139069260232
22.43055610400006,359.2440072161512,358.6037487079681,357.95172753572353,357.2914854849,356.626256669492,355.9592310807347,355.2936797009348,354.6325068227474,353.97773279956533,353.33056675091007,352.69184910941783,352.06242403104784,351.44340684876994,350.8363869913037,350.2435025923268,349.6673634897328,349.1108687200844,348.576866188027,348.0676658328639,347.5847475104511,347.12892961256824,346.7006857568251,346.30016961074017,345.9271098534813,345.58090515034195,345.260878648555,344.9666110140959,344.6981494961124,344.45582682559996,344.23992145018565,344.05053527395006,343.88757313323714,343.75057513977606,343.63869128000385,343.55105874943405,343.4870959378216,343.44634852229234,343.42819446407157,343.4316915494101,343.4555501770268,343.4982430554693,343.55818247537354,343.6337222170967,343.72311735191994,343.824667801526,343.936831675172,344.0580770388827,344.18625234334627,344.3176377300135,344.4467597110138
22.614605022999967,355.94576653100546,355.5680949672047,355.17250909037364,354.7608130160852,354.3349634675566,353.8971714696658,353.4494323846104,352.99298761405623,352.5283775768079,352.0558659216373,351.57579505966663,351.0888382507551,350.5961887126337,350.0996220197812,349.6014085288744,349.1041219700229,348.6102919153992,348.1219114779234,347.64014148788965,347.1654771992017,346.6980648879058,346.2377284365845,345.783867938332,345.3355602257521,344.8918208637523,344.4519466552386,344.0157361743925,343.5833221599038,343.1548472924239,342.7303595429686,342.3098113349773,341.8929136554355,341.4791344985343,341.0681021037856,340.6599268736979,340.25507738141425,339.8541171984863,339.45758609644577,339.06600821315055,338.6800387084362,338.30067940439295,337.92932026687276,337.5677397448023,337.21828954898194,336.8840495616208,336.5687211538163,336.27603870776363,336.00886107669567,335.76890918234716,335.55729418352354
22.796049120000134,346.43704209011696,346.6939970621229,346.9257538177864,347.12970796536473,347.30423556647474,347.4481650300271,347.56018226073525,347.6388289671052,347.6828743277101,347.6916202876597,347.66510586042347,347.6042510023138,347.5108763874443,347.38757584727625,347.23748761163625,347.0639120345933,346.8697871071897,346.6573629350317,346.4283411462836,346.18416649315543,345.9260306298931,345.65474998181116,345.37084748511484,345.0747976060023,344.7673535550318,344.4497540770481,344.12354351481747,343.7902365378469,343.4512035929164,343.1076611924432,342.7605180540357,342.4103663580274,342.0578784743321,341.704122939928,341.35043500096424,340.9981483611901,340.6484716103546,340.30249185245816,339.9613169966661,339.6262871542765,339.29901195661864,338.98136677932547,338.67567343450986,338.384851013309,338.11230515896136,337.8613355822796,337.63422358008705,337.43196579684707,337.2548160790618,337.102634076855
22.979571382999893,356.62847073475285,356.2012637094591,355.7506511303449,355.28020649763164,354.7931569226841,354.29184779673614,353.7777993575646,353.25213501135283,352.7159414032211,352.17052539104935,351.6176083221944,351.05939382118595,350.4984857760798,349.9377026227842,349.3797356078223,348.82666235926104,348.27965699845265,347.739162836153,347.20521501419887,346.6774731908372,346.15512631343455,345.63699939893115,345.12182188007324,344.6085765895544,344.09672692294055,343.5860560415209,343.0763496700701,342.5672987082963,342.0585059314006,341.5493479478684,341.03898182998205,340.5267569095565,340.01254565239753,339.49662904729763,338.97944326133967,338.46147113208656,337.9432610989544,337.4255851030732,336.90966594818593,336.3972309678313,335.89052499436224,335.3925081796532,334.9070243149568,334.4387078701555,333.9924094778229,333.57230150804185,333.1816298297581,332.8232734323019,332.50005826537586,332.2145009193944
23.163389640999867,360.35381466668446,359.5833885048512,358.79952770516627,358.0075179732543,357.2114370169793,356.41423927196166,355.6182114526574,354.82535878841026,354.0376869901694,353.2574202612586,352.4870914944672,351.7294812955423,350.98745190093115,350.2636236529666,349.5599053573247,348.8772197611905,348.2156902106168,347.57497587088886,346.9543156370341,346.35244281250044,345.7677005148716,345.19831740844535,344.64276288008756,344.09997924532047,343.5692248930984,343.04975997232543,342.5407508873497,342.0412779264398,341.55019723988954,341.06614663162037,340.587955705017,340.11497432465524,339.6469548779755,339.183795137209,338.72542534125984,338.27182214989705,337.82316105096425,337.3800377663558,336.94351555751336,336.51513148435515,336.0970872292959,335.69241019967916,335.30485319943756,334.93831247133073,334.5959258376963,334.27981712421143,333.99164863643574,333.73292815166457,333.5047693107441,333.3076493012756
23.344654211000034,356.62166426329054,356.11308728582344,355.58914401959845,355.052207316818,354.50375110988574,353.94478203449705,353.37620269170577,352.7990717142568,352.2148010536879,351.62522671912853,351.03252968398954,350.43905309376396,349.8469634944281,349.2577674550482,348.6720248656837,348.0895250068834,347.50961280867864,346.9312254575598,346.3528014588981,345.7723921418771,345.1879352342395,344.59760965038106,344.0000691067088,343.3942884995483,342.77925467523,342.1538778856042,341.517008277975,340.86730865941024,340.2032730201072,339.52365137386334,338.8277948899484,338.115556807029,337.3870559284687,336.6425863084121,335.8826557594939,335.1081647280545,334.3206560322003,333.5223922950227,332.7163940377901,331.90666393223904,331.09838278637056,330.29784538618185,329.5119157936061,328.7471635914849,328.0096469834894,327.3055041991916,326.6412993006933,326.02382085920004,325.4597727489532,324.9553622316664
23.528637699999763,329.6021354587244,330.764119179869,331.900377012689,333.0000082177027,334.05378976076247,335.0543874372717,335.99646698055716,336.8767463405156,337.6939259621535,338.44847422137923,339.14231444788817,339.77836141924485,340.3599187444157,340.89027835407865,341.3727880328717,341.81107416352404,342.2089795166353,342.5703778016804,342.899194516428,343.1995932229796,343.4762458540613,343.73448409088775,343.98006515044545,344.2187829971804,344.4563006479876,344.698087292824,344.94921084927586,345.21427482655633,345.4977594676562,345.80428058208264,346.1384010332189,346.50430119626594,346.9055915643768,347.3452497622194,347.82569321045094,348.3489177126555,348.91645866173565,349.52930779400685,350.1880110630802,350.8927334016539,351.64305881980977,352.43730591083573,353.27152088328586,354.1391148251258,355.0313076313737,355.93732586958413,356.84405443983644,357.7355828888847,358.5930932472873,359.3959531975004
23.71280514299997,349.7181887610617,349.48755409502513,349.2538814376012,349.0146226380427,348.7676114162761,348.51129396642557,348.2448965879375,347.9684668185173,347.682764988832,347.38905249916786,347.0887246704242,346.7827996445289,346.4716046880666,346.1549260418926,345.8323097573921,345.50307367932885,345.16619266526214,344.82038699445155,344.46437354495896,344.0971988215719,343.718451377325,343.3280874845467,342.92610159945525,342.5124178236189,342.0868866188934,341.64913792282636,341.19858005749074,340.73480490114895,340.2579132132888,339.7683955266428,339.26687533702983,338.7539981423547,338.23044891582924,337.69710952772505,337.1552865955874,336.6067665979547,336.0538312393052,335.4994586104997,334.94749578860814,334.4025710945098,333.86952573313323,333.35252646256873,332.85482538837715,332.3793285568735,331.9289197046924,331.50623793334074,331.1133488979182,330.75175491421527,330.42324151282565,330.13069793246564
23.89652351199993,352.1067939528878,351.57430470278786,351.05055077077844,350.53432735148334,350.02485288093493,349.52196156076263,349.02616790510655,348.5385801728348,348.0607089410001,347.59411863875727,347.1399334928911,346.6985392222943,346.26974661363573,345.85310441282684,345.44792168940273,345.0531617630645,344.6675376457119,344.28976857841957,343.9189167464052,343.554601714376,343.19682643663714,342.845646383097,342.5010579802249,342.16299061806393,341.83115336380814,341.50502576789637,341.1842532250697,340.86896077479344,340.5596207502334,340.2567810049895,339.96093727130074,339.6725322425623,339.39209290918353,339.1204366510819,338.858702955726,338.60834379583656,338.3712982720792,338.1501372427004,337.94794625599883,337.767726630033,337.61147647007317,337.47991789195765,337.3730323274563,337.2903505047639,337.230696145209,337.1918232774177,337.17039292801235,337.16278711828005,337.1659964953991,337.17748227735086
24.08157877099984,355.6628363175518,354.92359710336234,354.18861820077655,353.45930611499,352.73734478270495,352.0247803901761,351.3239550202071,350.63733524126604,349.9671833427624,349.3150825782005,348.68165768803397,348.06675679108315,347.4697820561437,346.88972930662163,346.3250986602165,345.77400618521426,345.2344561949847,344.704693318278,344.1834319531978,343.6696970342453,343.1625077367017,342.6607804072947,342.1633350675403,341.66875672961345,341.1754010127483,340.68180462601794,340.1870147052684,339.6904725153407,339.19175834585417,338.69048124896904,338.1862963007591,337.67906099648985,337.1690613551443,336.6570646631802,336.14433193985593,335.6328157629029,335.12532919310445,334.62545411129923,334.13696878860844,333.66295643320626,333.20556090857514,332.7665513975494,332.34764247225735,331.9502684441116,331.57525169144424,331.2228104806933,330.8934039250077,330.58865007802723,330.31113065132575,330.0636435970198
24.261983498000063,355.6276245435582,354.93757924079534,354.2395305391034,353.5367600318612,352.8328398728432,352.13156457551037,351.4367787344297,350.7520482384129,350.0801862094833,349.42297481875397,348.7813489541325,348.1557290442223,347.5460630905215,346.9517399155394,346.3717035201003,345.8047280890099,345.2497727058898,344.70621331364396,344.1736857836775,343.65177165677187,343.13990278789305,342.63736918917255,342.14318126311514,341.6560758704724,341.17492675921943,340.6990733071091,340.2282030577567,339.76209485151986,339.3005061768686,338.8431874056015,338.39003450859735,337.94131081879254,337.4976947680038,337.0602866822675,336.6308002829637,336.2117246474572,335.806224965214,335.4175619405452,335.04819162425935,334.69951191749567,334.3724175805425,334.0676102762739,333.7853626037877,333.52517591411583,333.28577753197203,333.0659551502215,332.86546453337826,332.68482417387094,332.52459304017015,332.385034243826
24.44561051999972,356.86480498826324,356.0621863261431,355.25379001408226,354.44419464581586,353.6380421815519,352.83987541558815,352.05381886865973,351.2831142740267,350.52985175621245,349.7951626371877,349.079561145428,348.382995061348,347.7047672976449,347.04365830745667,346.3982088670946,345.76708230893627,345.14930376221145,344.54411029184865,343.95064353044444,343.3678610722435,342.79455096378973,342.2292005269123,341.67000900466155,341.1153046047646,340.56387994255164,340.0148814135117,339.46755934705675,338.9211626169733,338.37496042052044,337.82840286961346,337.28135100497246,336.7341332007619,336.18756108124217,335.64313062869365,335.1031942626343,334.5708722459846,334.04948328149067,333.5416560843309,333.04908816826276,332.5731136615576,332.115026654019,331.67585898936784,331.2560522393684,330.855469412701,330.4742440775301,330.11370292822954,329.7761753146899,329.4642857271452,329.18059138307893,328.9274084289134
24.630696138000076,362.4821740978288,361.1367822358336,359.80624435985885,358.4978837282448,357.21842704483294,355.9737317542449,354.7683660147691,353.60538228523984,352.4865503359139,351.4127368678006,350.3839917130726,349.3995025808053,348.45774822996634,347.55680962565526,346.6947581808049,345.86991868245036,345.08074084644676,344.32551115955897,343.6022813498284,342.9088978982734,342.2428839107737,341.60146292733714,340.9819853320882,340.38227145584483,339.8005069916327,339.23499766446906,338.68406691964645,338.1460794288028,337.61960214282965,337.1036335862362,336.59765844230793,336.10166063053265,335.6163206338123,335.14318293230036,334.6845619752487,334.2429666292403,333.8202049636363,333.4171356858979,333.03422811936235,332.6718773028046,332.33017320652885,332.00856388501444,331.7058582067448,331.4210659325849,331.15431127119797,330.90663353440874,330.6792709972106,330.4732902288311,330.2894276860908,330.12801036636074
24.814515447999838,355.31094562939455,354.5718640073428,353.82734814809214,353.08252382403316,352.34208138844014,351.6098062958967,350.8883060320326,350.17919933721464,349.4834549518806,348.80143987201836,348.13283907134894,347.47677654438564,346.83209718181166,346.1977285219946,345.5729199082315,344.95709291742986,344.3495346345126,343.7493100243184,343.15527772214415,342.5659604685916,341.9795596727204,341.39437467471026,340.8091407096787,340.2229211053711,339.6348605704833,339.04408325664235,338.44971831562714,337.85106460663917,337.24782517728363,336.6401684995829,336.02874959695185,335.4149167559603,334.80088961714523,334.1896770139249,333.5845144349228,332.9879829056278,332.4017755341136,331.82727354112257,331.2658782758366,330.71879812685694,330.186730054412,329.6698812800092,329.1688287883682,328.6854526397427,328.22275656949904,327.78417181613446,327.3732062613228,326.9933054692371,326.647740108475,326.3394442059408
24.998449921999963,354.8035012546341,354.07705263614696,353.34717969699676,352.6187906114885,351.89586428250783,351.1811761461714,350.4764865220545,349.78287872117227,349.10080688713765,348.4300155164638,347.76966050412244,347.1185912202894,346.4757126591325,345.8402251888013,345.21147577038516,344.58865222462595,343.97069680502,343.35632340759224,342.74388965430205,342.13141334740885,341.5169938812032,340.89915262965235,340.27672786107814,339.6486310563066,339.0137483340143,338.37096972629377,337.71935798111855,337.0583875373196,336.38801067505267,335.70868399862474,335.021580965279,334.3287762723028,333.6331704874096,332.9379348108092,332.24563777458064,331.5580201296616,330.8765797415298,330.2029129910778,329.5385115789661,328.88445444095703,328.2414402837291,327.61065836013796,326.9947334359957,326.3975583680045,325.8236101645114,325.2776115297751,324.7644043815814,324.28884971246595,323.8556433893411,323.46896063823834
25.179078794999896,352.396709306981,351.8178838130765,351.23262086838196,350.64479796703364,350.05721786597405,349.4717844234534,348.88982893027026,348.3121468964281,347.7389072167248,347.16976353025586,346.6041272409118,346.0415211940536,345.48181148687445,344.92505122336917,344.3711677313967,343.81986943540954,343.27065664696465,342.7226874393261,342.174788030954,341.6258681904446,341.07525560689044,340.5225847020175,339.96754668615586,339.4097844883373,338.8489152316397,338.28469186069367,337.7172344999678,337.14708848225246,336.57524214479747,336.0033300521875,335.4338074095141,334.869864008558,334.3148575606569,333.7714281956187,333.2412603602904,332.72565393182794,332.22585104802044,331.74281757196235,331.2769189320893,330.8279358965118,330.39591796746123,329.98211043372453,329.58876860707124,329.2184552429297,328.87368329849943,328.55677069626665,328.2697216686672,328.0140245132746,327.7903366450541,327.5983461947652
25.360013050999896,339.04644614455015,339.5159394793607,339.95055987597596,340.34814932690796,340.7066429289933,341.02430417253123,341.2996744631453,341.5313990879999,341.7182596539334,341.8593726093275,341.9544729290949,342.0040804708465,342.00928279654767,341.9713659194324,341.8916690765727,341.7715476658192,341.612195364624,341.4146146857894,341.1799962960549,340.9100208416396,340.60671854739365,340.2721931750876,339.908493750491,339.51761650803394,339.101648438116,338.6629827962115,338.2043632977949,337.7288898866918,337.2402115329281,336.74269162858565,336.2413141382638,335.74111018148574,335.24626666058424,334.75988301299236,334.28453775999185,333.82261122345886,333.3760632096884,332.9461052960938,332.5332131878415,332.1379767520418,331.7620237031756,331.4078304158807,331.0780158301004,330.774980581473,330.5007580198959,330.25689170258215,330.04422921751615,329.86260326669054,329.71071246750427,329.58638709161403
25.543671723999978,334.90866477045046,335.5596883207857,336.189550174532,336.7917819563742,337.36062823630806,337.89097366762905,338.37814586293706,338.81792437539747,339.20671570537866,339.5418136909246,339.8215430421412,340.04502004090904,340.21176206998496,340.32152225541165,340.374233525655,340.3698132527291,340.3081178628798,340.18930786166186,340.0141371243164,339.78380181407454,339.4996556002279,339.16307466325617,338.77545500557403,338.3383535154822,337.8537031991668,337.3238593538704,336.751609612368,336.1403733505894,335.49437605551,334.81856683075415,334.1180587294945,333.3972535307733,332.65961702983515,331.9082664937711,331.14631661911903,330.3766827395387,329.60178085017395,328.8235698259975,328.0444333288464,327.2681372380156,326.4996759128633,325.7446030527998,325.00870905266333,324.2979112428907,323.61817128509506,322.97532921745875,322.3748246683462,321.8216172323636,321.3203807456482,320.87545012197137
25.727625640000042,339.50992927017774,339.7999500024145,340.0746094402863,340.32952934392523,340.5606669379568,340.76414680715726,340.936297547204,341.0738530155581,341.1742374888823,341.2357324556131,341.25725905194406,341.23800780827906,341.17729200720885,341.07450898583005,340.928960587598,340.73982220014614,340.50652088023884,340.2290364792189,339.907761198946,339.54322432124746,339.1359656721778,338.6865404155951,338.1956667007378,337.6644466562021,337.09441758084506,336.48756633844965,335.8465325235406,335.17478606944763,334.4765475481188,333.75623092110015,333.0175704251585,332.2633977277737,331.49623106552747,330.7186227606764,329.93296391942437,329.1411859305132,328.34480418990245,327.54580159105024,326.7475876566543,325.9548466573412,325.17287051558503,324.407238421481,323.6637095739146,322.9481433371839,322.2663363219937,321.6237469185624,321.0254192799333,320.4761814903703,319.9805907849652,319.5424517525279
25.91268703500009,349.041027841098,348.6078385701078,348.16865766144406,347.72403207906126,347.27394940149344,346.81793686883924,346.35532300487887,345.8855808217395,345.4085500927759,344.9242725096447,344.43267124389325,343.9334511080471,343.4261035790078,342.9097678506717,342.3832373416058,341.8453721722735,341.2954315589519,340.732961605386,340.15754530062435,339.56869836151145,338.9658936009332,338.34872544042616,337.7171451589933,337.0715238320476,336.41267607334515,335.7420702548524,335.0620109838702,334.3755621951425,333.68599072514803,332.9958921591151,332.3069651922579,331.6205963238286,330.9382013843905,330.26102280490335,329.58982235182145,328.9249148607473,328.2670406169217,327.6183123700945,326.9820504448893,326.36210186562624,325.7625055491657,325.18737011377885,324.6407787374201,324.1266107278732,323.64825049770127,323.20849612035465,322.8097423950787,322.45391149543315,322.14200365906044,321.8738638684803
26.09657303599988,346.93683641008386,346.6823034625517,346.4122637507076,346.1264237686637,345.82415161960154,345.5047234365244,345.16765235312056,344.812897515916,344.4406869505914,344.05118579230134,343.64438605824967,343.22010220340746,342.77782360012816,342.3167133379857,341.8360138262583,341.3353731122875,340.81472736163875,340.27404627274905,339.7132250286296,339.1321054310911,338.5306378011133,337.909114203156,337.26822991446835,336.6091062207712,335.9335001832803,335.2439871280149,334.543884188389,333.83669474319163,333.12523551701315,332.41141256265183,331.6968079235441,330.9830234573313,330.2714807109402,329.56311655403135,328.8584200866376,328.15830845291293,327.46507753224,326.7822409522618,326.1138533256641,325.46417974618055,324.837578072406,324.23840841164053,323.6708594429432,323.1386622464623,322.64500378652355,322.1927149437896,321.7842061350607,321.4210229377426,321.1036118358761,320.83147536628906
26.280721159999757,335.1535249778087,335.6546594616404,336.1350448567423,336.5879023342786,337.0072868020661,337.3883461928233,337.7274622650129,338.0220071365259,338.269947395378,338.4696722330962,338.6199300481195,338.7196248111178,338.76776168986856,338.7638024727848,338.7079447212688,338.6009600786891,338.443898459826,338.23794164789655,337.9843888463785,337.68478565176105,337.341126871591,336.95588996255873,336.53203201362317,336.07317575531016,335.58377017723575,335.06899391310395,334.5341810627206,333.98393104656634,333.4218685437409,332.8512151469877,332.2751190574626,331.6964415584576,331.11743983236516,330.5397915039787,329.96545842036363,329.3976255290468,328.8405282028993,328.29876383175224,327.77694964992514,327.27959327853017,326.8109903627122,326.37503892968306,325.9749411411407,325.6131046150269,325.29131826147875,325.01067574427424,324.7711190818471,324.5711926272513,324.40823315424086,324.2787183780324
26.464643978999902,348.9003532654523,348.23288510960236,347.57246600350106,346.9189947419446,346.2724441120055,345.633100816005,345.0014169802052,344.37770472739845,343.76204996967977,343.1543296475633,342.55408354650035,341.9605300804424,341.37298651941825,340.79120756855366,340.2152777369608,339.64536425884916,339.08161415534016,338.5241780639271,337.97337239575535,337.4299103499114,336.89495867197917,336.3701531994617,335.85779879571135,335.3610393761241,334.8837663074439,334.43004497033564,334.0032211999358,333.605673772833,333.23937469061235,332.9062036985256,332.60771589490986,332.3448021139721,332.1176875870264,331.92676652013773,331.77350858576364,331.6602508234304,331.58947092995624,331.5634040859581,331.5838699956858,331.6521247429345,331.7686273399108,331.93269192631794,332.14233811435986,332.3944147869034,332.6844708688371,333.00624604558215,333.3513721840221,333.7095117597817,334.0688067355084,334.4167487881
26.64956773599988,342.71844161679013,342.63223019304195,342.5217618126192,342.38615180111503,342.22523806383134,342.03938530258745,341.8291352901917,341.59507936900616,341.33783738041404,341.05789411121725,340.75558257945386,340.4314745506023,340.0866920897657,339.7227754733492,339.3414140970983,338.9443238351962,338.53325333732397,338.11013067939564,337.67728074989907,337.2374701104954,336.7939122247823,336.3504585092029,335.91176076417855,335.48317312345387,335.0701731724834,334.67746381536887,334.30872192824256,333.9671554237451,333.655815045105,333.37735963112516,333.13371442636884,332.92606783952203,332.75570419218883,332.62490836660675,332.5367557649797,332.494383485543,332.50060479382404,332.55773350519104,332.66743282803253,332.8304784988303,333.04640712884856,333.31336222898835,333.62821319964786,333.9864207943752,334.38152202961544,334.8048253042524,335.24554205193374,335.6912284011002,336.12867671999317,336.54507295937253
26.83350947000008,342.34782463732154,342.2671675776348,342.1568493202577,342.017160367877,341.84893944120836,341.65322176612443,341.43110991668004,341.1837513752281,340.9121738483766,340.61726761247024,340.30017522933383,339.9626023863042,339.60668513124403,339.2347200853913,338.84904103360856,338.4520243227421,338.04623442662637,337.63464000159155,337.220657112258,336.8081524619861,336.4016320219133,336.0064005562781,335.6284601215437,335.27392712984613,334.94812949646604,334.65534985028415,334.3993763742455,334.18380753853324,334.011809414356,333.88576509228574,333.8072615615691,333.77791155072737,333.80024620153137,333.8774919591904,334.0128275616741,334.2089831932988,334.46804841552625,334.79130343277023,335.1789635460554,335.6298077505805,336.1410039965457,336.7082064712006,337.32539850224055,337.9843541684255,338.6743095190088,339.38206988931745,340.09242698042993,340.78902580416496,341.4555729000398,342.07689534977936
27.01734874900012,357.9704275110263,356.67427305795627,355.3709927276163,354.0689884533394,352.7756207401142,351.4971842021166,350.23898652388647,349.00528139842737,347.7993443261627,346.62395131243244,345.4817739925705,344.3753263000959,343.30676916774985,342.277856622501,341.29000571457556,340.3445016897457,339.4427688148038,338.586463651926,337.7775237569857,337.0183973565716,336.31223967814714,335.66284419970646,335.074088606978,334.549057181053,334.08980580153144,333.69793133896155,333.37489190461054,333.12177684766374,332.9389662213992,332.82612526659665,332.78303159762527,332.8104711409986,332.91001637901803,333.08328294296325,333.33152677413733,333.65544861054747,334.05502049369153,334.5292242771172,335.0756732142169,335.6904292591596,336.36809154722897,337.10162975752064,337.88183554200805,338.69698301690136,339.5329248951081,340.3734980173335,341.2013784717815,341.9992777980814,342.75101882853016,343.4422959445633
27.198639534999984,344.7207923850902,344.26223144190055,343.790806352358,343.3084042857314,342.8167991794063,342.31765581464487,341.8123900634363,341.30217453106525,340.78834989811185,340.2727556887669,339.7576157168862,339.2452847794023,338.7381399877668,338.2385991620645,337.7492776417209,337.2732138322994,336.8139201630234,336.3753922825738,335.96230187789536,335.58015860157667,335.23520916986087,334.93385320281095,334.68173730373064,334.48349333071803,334.34328239809497,334.2650908383928,334.2524767786693,334.3082068196773,334.4342281385915,334.63247348078283,334.905734880151,335.2574194621001,335.69078318889376,336.20850459686716,336.81246513246776,337.5035506509843,338.2813639514532,339.14381934179227,340.086931811813,341.10487625380756,342.18979043936525,343.3311949771203,344.51562132584604,345.72667456090574,346.94540481451094,348.1511277894572,349.322586101609,350.43899031700914,351.48084900468785,352.4307864649972
27.382507329999953,342.69720627678237,342.29965586294315,341.89472285612635,341.48291923301264,341.06477861185505,340.6407091621527,340.21099179309084,339.7761840181184,339.3374433054627,338.89640523886976,338.45492312168244,338.01495246972974,337.5785628644202,337.14808855930534,336.72634819214215,336.3166903033889,335.9229975092864,335.5498747296671,335.2028069667361,334.8880547032552,334.61206649410843,334.38057024722553,334.19830914233853,334.069583717895,333.99854634658874,333.9889467404408,334.0437679586259,334.16519822104203,334.35543597308066,334.61756401878495,334.9553060518594,335.3722614173065,335.8714801238086,336.4552446819699,337.12487329781004,337.88043425778386,338.7203424592534,339.64115062087075,340.6376105661191,341.70247823877685,342.82593562149054,343.99522057453754,345.194691231462,346.40619880654697,347.60990914399713,348.7854646898766,349.9130256739249,350.9740997389965,351.95235280258555,352.83430443868315
27.56652525599975,337.9622705851842,337.8875607561552,337.7949369675123,337.6836452816213,337.5531483869983,337.4030954165774,337.23369865697265,337.04603101829406,336.8418796219704,336.62346214866085,336.3932893787712,336.1541563642448,335.9092735744329,335.66246830179847,335.4182129480963,335.1816129465811,334.95857961706776,334.75597333756883,334.5814849806455,334.4430350617373,334.3478519636173,334.3021950497498,334.31188405852447,334.3825808590179,334.519522069128,334.72714187009524,335.0090301833316,335.36872352127557,335.8105642003207,336.3394411220686,336.96000783978184,337.6762398230297,338.49119739884526,339.4068088139642,340.4235631833242,341.54008422325757,342.7528972659204,344.05646492999057,345.44296511012044,346.9016844843628,348.41861861149175,349.97650533918403,351.55516549449555,353.1322913380294,354.68457465238635,356.1887134826402,357.62220704140736,358.9641318851753,360.1958956220604,361.3018948167905
27.74775186099987,344.0079057055634,343.3340358372457,342.65900846293977,341.9854284863748,341.3156255851359,340.6520810848442,339.997773452315,339.35607755280967,338.73052413489813,338.1247028264258,337.5422909567926,336.9872194467068,336.4639059678584,335.9773119249746,335.5329559598092,335.1371092274262,334.7969577892004,334.5205000364623,334.3159585611531,334.1908678085723,334.1518032965865,334.2049137646483,334.3562023038752,334.61125493859515,334.9748559619648,335.4509351595723,336.043344200829,336.7566978553978,337.59609321255743,338.56630259614786,339.671302069977,340.91400200233994,342.2959941356649,343.81720494201795,345.4754261958923,347.266035314923,349.18198092275884,351.2135074051921,353.34749180143376,355.56698428411795,357.8511791748931,360.17569074266174,362.5132745969987,364.83488693996645,367.11062115438693,369.3104317754974,371.4048395675244,373.36561466726954,375.16655045431014,376.7846606104835
27.93152800000007,339.05530720480164,338.7987225953267,338.5218367698131,338.22615923574796,337.91367291919676,337.58714503734876,337.2499938578641,336.90601782960346,336.55927036562076,336.2140625701452,335.8751051089758,335.54771936816013,335.2378743822324,334.9521821488101,334.69807648744455,334.4839606866658,334.31909174616897,334.21298051840427,334.174468968651,334.21145021913196,334.3313926198682,334.54161377588815,334.84900287933255,335.2596305276266,335.7786910412153,336.41127444178295,337.16320363131325,338.0407498354064,339.0498218918013,340.1954911704262,341.4817184885557,342.9110973658326,344.4845033027921,346.2006199217398,348.05565443294984,350.04331779805653,352.1545432851529,354.3768166871675,356.6937093936249,359.0848412066184,361.5261471001735,363.9905886965501,366.4492026934658,368.8720257017226,371.22880553325587,373.4896926669835,375.6259088743223,377.61050569893285,379.4195684546405,381.03360195866037
28.111650417999954,324.1021332134946,324.77578166239596,325.42277259236465,326.0379127216543,326.61797933868326,327.16150144130074,327.66840514401616,328.1398070906901,328.5779385267555,328.98621150597614,329.3693575727111,329.7333955245653,330.08556093004734,330.434422557568,330.7899709048684,331.163446533466,331.5666873679962,332.0111559982992,332.50761243663743,333.0665933322649,333.69864330956773,334.4139964961721,335.2221471252609,336.1317539176727,337.1513750894347,338.2902692059966,339.55807462711334,340.96396280685065,342.51612692490954,344.2214719124133,346.0853199295445,348.11102070779907,350.29943734483885,352.64861978766766,355.1537411761291,357.8067705726325,360.59575521640534,363.5043033986821,366.5114947999946,369.5920924877537,372.71719740022274,375.8552376620177,378.9728323656553,382.0354401035425,385.00798629715314,387.8554667054044,390.5436402936461,393.04016770677083,395.3161000778368,397.3472928268426
28.295499517999815,345.51414106980144,344.4416451991889,343.3803439786122,342.3368091123998,341.3177556736152,340.3298374763762,339.37958487020956,338.47346698084283,337.61808936474125,336.82045701984634,336.0880590559263,335.42890748322515,334.8517551345364,334.36627783319176,333.9829884901752,333.71266231540704,333.56543424481987,333.5505341307722,333.6768208180697,333.95306091096455,334.38765045069715,334.98821855060464,335.76155786304673,336.71437889530046,337.85412356759423,339.18865092773564,340.7253904547375,342.47082459240113,344.430166737587,346.60704889953183,349.00310860043686,351.61744576290226,354.44626197981984,357.4827575035735,360.7167596534343,364.1339559641857,367.71532337298856,371.436980506641,375.27033751377377,379.1826845451489,383.1381115407322,387.0982993141532,391.0230926240259,394.8710497396491,398.5999664065362,402.1674879864629,405.5321666859932,408.6548693599509,411.5003023773866,414.03877285206283
28.480489200999727,344.03966680077843,343.17603810133846,342.2979615690444,341.41503308339395,340.53679222031144,339.6726473078386,338.83192737765097,338.02407171368355,337.2588866758745,336.5466258403215,335.8980256553447,335.32452137273907,334.8384281145189,334.4528545100258,334.1811278440691,334.0358915773627,334.02884055047906,334.1712547613033,334.4742772931158,334.94863438870846,335.6042364975757,336.45010495477374,337.4951210975261,338.7488330066129,340.22113258629616,341.9213982205575,343.85796445885853,346.03778477628316,348.46610145362126,351.1460119873128,354.077902626666,357.2590612998502,360.6835451476209,364.34177626443216,368.2197388921386,372.29836930988535,376.55336545668524,380.95529073696446,385.47011315333083,390.06007250592745,394.6844157738504,399.29991154200405,403.861338208999,408.3219441692335,412.63399409681483,416.74975866940855,420.6228537198567,424.2096958879584,427.4713567975716,430.3757213223857
28.66067010200004,337.0324435130523,336.48562988323454,335.94102915312624,335.4040345449656,334.88041478604333,334.3763346296209,333.89851301772444,333.45444885828533,333.052470711261,332.7017427983077,332.412452274916,332.19596277222547,332.0647017602362,332.03156076241015,332.1089693471565,332.30860824886065,332.64192252926955,333.12038035862207,333.7551753975316,334.5568115773777,335.535014895272,336.69946897540876,338.06060951921387,339.6292902843236,341.4159157484895,343.4299018230164,345.6793305659918,348.1706128411061,350.9080482278121,353.8932526723264,357.1247660299361,360.59791460394763,364.3044021652368,368.23150258029835,372.3614451729209,376.67121973678024,381.1326755297093,385.71305527449744,390.3758567867511,395.08156222751353,399.78814572781016,404.451554006663,409.02615806443373,413.4652899713591,417.7222219858546,421.7514938920779,425.5103555369461,428.9606065068191,432.07073264326476,434.81746893192235
28.844308852999802,333.3615997487589,333.06558951440815,332.7639871470092,332.4622875019507,332.1666265504666,331.8839189941505,331.62206473359345,331.3899804685447,331.19758880787447,331.0559897745684,330.9775996434761,330.9760245796805,331.0654480106434,331.2596925490683,331.5719217000717,332.0151421350077,332.602451974536,333.3467329178235,334.2602248651774,335.35442749433616,336.640825381951,338.1316716289156,339.83964246330777,341.7769578092783,343.9548290182939,346.3830995454846,349.06989235128975,352.0211531717525,355.2400599891977,358.7266107021657,362.4774639562154,366.48550648554726,370.73901997106776,375.22103843167156,379.9091229740085,384.7754281583785,389.78720095421727,394.90760487905413,400.09640931998354,405.3104548176218,410.50408900205366,415.6295713696679,420.63756107099084,425.47804514188715,430.1016133174844,434.4608467156575,438.5121026985475,442.2175960463915,445.54701644566524,448.47843106789117
29.02479870599973,328.3759857322148,328.166300616992,327.9682425034141,327.78622247279577,327.62584601854917,327.49410905238585,327.3994182185773,327.3515679787829,327.361899400464,327.443425599061,327.6106912800997,327.8791452597676,328.26418669468256,328.7808501379953,329.4442900589568,330.2700100961046,331.2735346829542,332.46996147169585,333.8738387714337,335.4998643289943,337.363640129879,339.4812953969236,341.86857246635856,344.54023641953944,347.50967392868915,350.7884947697109,354.3860248194467,358.30866054856915,362.55939669852535,367.13760180889426,372.0385146706289,377.2523344631495,382.7634953778218,388.550352379357,394.585152237245,400.83443073158463,407.2597286233671,413.8181664591158,420.462789145423,427.1428752337575,433.8042094617774,440.3894331967736,446.8388308195277,453.09145893694904,459.08638661552567,464.7643300188945,470.069582841967,474.9514839989529,479.3655491920569,483.2753243148564
29.205896672000108,335.7362792604916,334.71644147443516,333.7407665653095,332.8189416879324,331.9614915386095,331.1798690154832,330.4864993627376,329.89500244649304,329.42037786601827,329.0789201326504,328.88764260844084,328.86337077083647,329.0224697734866,329.38136680626195,329.9568133996735,330.76558519319775,331.82405747614854,333.14810060070346,334.7537914759713,336.6581756976656,338.8788923629002,341.43325611603774,344.33765716422596,347.60714457581435,351.2550061649434,355.29223362674765,359.72684278026503,364.56336045480225,369.80255253805893,375.4408661218066,381.4694583762128,387.87340284629124,394.63129973647017,401.7151642596811,409.0907339364507,416.71808745965626,424.5521152732636,432.54275294079775,440.6351724555755,448.7699303323201,456.88318751180674,464.90735960699794,472.77210498541746,480.40541961497195,487.73512293352843,494.69063716692847,501.2043027540057,507.21235788951634,512.6570063291895,517.49001332392
29.3896938959997,335.1947692664867,334.0992989810372,333.0877891489641,332.1661381957304,331.3411466736868,330.6205675666175,330.0133327978901,329.52974107829004,329.18137475990125,328.9805248232722,328.9392850004706,329.069280441365,329.3821918643248,329.8900207753638,330.60479371461713,331.53814427843395,332.7012174561553,334.10539292912733,335.7630623235333,337.68727290081875,339.8908326617217,342.38573802667287,345.1827898217915,348.29121127911475,351.71815710712127,355.4680838629836,359.54229351528153,363.938725042437,368.65146729834595,373.66986603479126,378.97781598886996,384.5534647651922,390.3692026940751,396.392079588427,402.58454097517676,408.90502382261803,415.30832261445585,421.7459205880371,428.1662845199728,434.51523749959523,440.7367674791458,446.7741781934074,452.57135029686305,458.0743957074381,463.2336061028014,468.00493652608867,472.3511501716786,476.2440463008866,479.6676530961478,482.61944789450774
29.57359150100001,335.16632340198794,334.35737127688134,333.57762661129226,332.8416126242064,332.16467671400727,331.56320837576453,331.05482266246327,330.6582761661748,330.39289396896095,330.27766790169585,330.330990866601,330.57118752566294,331.0167863119714,331.6862301073265,332.5974637297134,333.7678421753139,335.2148556780077,336.9569060028279,339.01294589135415,341.40157607872,344.14046049853124,347.2459248690956,350.7325518456011,354.6126612837615,358.8956453514182,363.5874699001761,368.6904164872539,374.2025378494475,380.1166993193289,386.4197967279011,393.0923772009872,400.108536756529,407.43623540756545,415.0379221935094,422.8710100819554,430.88811159707626,439.03723009295004,447.26190526355407,455.5014276590139,463.6914804605749,471.76511571963823,479.6538336860463,487.2890491723892,494.60384705542555,501.5342692413568,508.0202607680235,514.007698847028,519.4513887765041,524.3165892952117,528.579002042967
29.757138611999835,338.56925036329307,337.255728833836,336.01275498111903,334.8568861424369,333.80542680907797,332.87665639396704,332.0897868508562,331.4644285314084,331.01972457438967,330.7741185546787,330.74591567870795,330.9535824772692,331.4154823395535,332.14948503660406,333.17289418519186,334.50318872112786,336.15881280247135,338.15882606103713,340.5220086174491,343.26628146577156,346.4083074042655,349.96308567299656,353.94342881262287,358.359291442435,363.21726232439585,368.5202940517095,374.2671431067084,380.45139271675754,387.06064898808773,394.0761366593701,401.4725683175936,409.21842771958467,417.2765595861653,425.60460576431404,434.1551985785439,442.8761062705999,451.71032911950306,460.59626103558554,469.468274933385,478.2576391743795,486.8935338288452,495.30445087169744,503.4198806313185,511.1715270919601,518.4941800589602,525.327668394888,531.6197787382193,537.3277028388657,542.4180761529196,546.868088685854
29.93880155099987,322.466108727083,322.27975275732047,322.1612441067939,322.1209558174176,322.17141267083264,322.32715544046414,322.604116289275,323.01866604416676,323.5872984193659,324.32711173598767,325.2560332729439,326.39248370831075,327.7549198525601,329.3616996224515,331.2317652731344,333.3853792139867,335.8437241935962,338.6279621030819,341.7586118093266,345.2551109760889,349.1353747949712,353.4152398852839,358.1077627923893,363.22268417264854,368.76613271755525,374.740041271175,381.141147276595,387.9601677382038,395.1813747505167,402.78244514897835,410.7347246448048,419.0037985372624,427.54990863461836,436.3281269520909,445.2884808460587,454.37602795158296,463.5309955086752,472.6893421927008,481.78364957122443,490.7441117908971,499.4999074888734,507.9808561551697,516.1186014843589,523.8474496968424,531.1062870449614,537.8414609619838,544.0081880773147,549.5705518753831,554.5025943220165,558.7900938249119
30.122357245999865,344.2678574619842,342.3802115301722,340.60148959445854,338.9564795599502,337.47027205264743,336.16779232752094,335.072999169721,334.2087150214848,333.5972471725395,333.260744556676,333.2209871251307,333.49904560147303,334.1152552503126,335.08999943029073,336.4445370691392,338.200685708522,340.3799542717447,343.00298590369766,346.08917580585563,349.65627697420916,353.7198821009236,358.2927510825693,363.38429524429,369.000292359035,375.1423049459565,381.8066740160697,388.9836784865984,396.65708635214986,404.80397120984514,413.39493454868096,422.39462595431536,431.7621009317668,441.4509270037351,451.4092328567866,461.57969904528767,471.8996050182371,482.3012908087739,492.7129407862684,503.0594584146645,513.2637164240607,523.2480851174889,532.9354819411384,542.250070994246,551.1190375083869,559.4753226999745,567.258883309595,574.4165398539104,580.9029193339082,586.6824046810856,591.7309549258902
30.306372813000053,330.8357525018605,329.8997487860675,329.07395562032707,328.37923878402296,327.8372150824454,327.46937810982456,327.29685807280015,327.3409757436566,327.6235352458098,328.1665527364975,328.99185882611056,330.12101834726036,331.5760631761834,333.38027213275683,335.5578094563925,338.13281582591793,341.1288120574402,344.5682801611294,348.4722344000312,352.85967032747226,357.74686094543506,363.14681077961643,369.0689416263829,375.5184821243516,382.4954329825892,389.9936977486953,398.0006048673533,406.49669429218613,415.455908732883,424.84608136924516,434.62925942675,444.7617739781309,455.1942504678625,465.8715582153238,476.73281343249784,487.7117938953459,498.73767250085626,509.73583852262766,520.6290908829144,531.339106120741,541.7874241939625,551.8960808586851,561.5893117864441,570.7962140232893,579.4519293809266,587.4974141451415,594.8803012947811,601.5567680596276,607.4934007767384,612.66921727791
30.4914898789998,342.19877575726144,340.2764849054287,338.5131899460223,336.93679180621234,335.5741282233227,334.45082910305393,333.59196238447305,333.0224146933343,332.76670349762986,332.84865831550496,333.2914143533673,334.11821408827285,335.3532506722636,337.0213645408845,339.1471871066297,341.7545916062594,344.8663157353011,348.5035686782843,352.6855104859317,357.4285729222283,362.74593256070887,368.647209869593,375.13786642194856,382.21817204412605,389.88233176407005,398.11799828534987,406.90604322227216,416.220727148727,426.03016026268796,436.2965930327808,446.9764471672937,458.020281385495,469.37269024071037,480.9722505395437,492.751873524443,504.63947010445327,516.5586980304198,528.4300754528581,540.1723637061262,551.7034626719176,562.9409477396213,573.8036738654332,584.2143327520253,594.1005282420018,603.3944349084967,612.0335467393407,619.9624295615719,627.1344701100516,633.5139914014804,639.0784839845841
30.675631129000067,316.71692188188837,317.3667266634811,318.07109107582846,318.853499229339,319.7379806329012,320.7495575011722,321.91443949126375,323.2596625955681,324.81260962636884,326.60085544429313,328.6528321225289,330.9985475196888,333.66916816877676,336.6960598298345,340.11014519419473,343.94144275437174,348.21859879924324,352.96829981502566,358.2145337293948,363.9780100839117,370.2758121771376,377.1207526192471,384.5203034222586,392.4756898085037,400.98137279779627,410.02479315998386,419.5865161563523,429.64066826467564,440.15520467162924,451.0919173169043,462.40637744170306,474.0478103948611,485.9590167779376,498.0766976688388,510.3320908189426,522.6516863704,534.958306225219,547.1724496490772,559.213148251273,570.9984591993045,582.4470220671863,593.4805652968844,604.0249273883928,614.0096578935096,623.3687052758806,632.0421055299716,639.9776647940008,647.1330060406592,653.4778225354686,658.9956647513033
30.859648216000096,316.2689864807003,316.3670324640569,316.62674406724994,317.0661185478957,317.70434847262703,318.56205794020866,319.6609763045779,321.0234873490624,322.6724975538926,324.6321191107711,326.92840158884417,329.58892355893965,332.64183788978085,336.11523053612405,340.0366571303118,344.43266959968116,349.3282203186352,354.7459124270504,360.7054065612598,367.2230571688506,374.3112499459449,381.9773115894121,390.22258108710986,399.04186762111044,408.42316766120564,418.3477806411636,428.79071436241964,439.7209188423831,451.1012583116488,462.888415222339,475.0327239233144,487.4780479826022,500.1620587959421,513.0168222801483,525.9694621104023,538.9431835588276,551.8585604611948,564.6343284203869,577.1878131010658,589.4364190450652,601.3000650577811,612.7021313987307,623.5689840223406,633.8305831627126,643.4220904534997,652.285468191001,660.3714412795279,667.6416650939459,674.0705423395639,679.6465303274326
31.044584577000023,285.04920235290473,287.5544201201338,290.1984328928411,292.9860351223674,295.9259432755825,299.0302710792155,302.3138863294628,305.79409380829657,309.4911406647917,313.4287786927528,317.63369517724857,322.1344062439779,326.96047262098386,332.1419020971923,337.7085507698603,343.6894103684827,350.1117499862719,357.0004220964397,364.37740559711943,372.26105694715454,380.66494006837985,389.596823688301,399.0580706239921,409.0432909922923,419.54039813487225,430.5309577931998,441.9903686407499,453.8877832719548,466.1859629153425,478.8410629465873,491.80246262116094,505.01299612866615,518.4094912590052,531.9233836636511,545.4816903306939,559.0082444035603,572.424434101484,585.649574296877,598.6023359361202,611.2031191725965,623.3749353307511,635.042862905688,646.1345849293726,656.5819220170887,666.3223549165562,675.3009074116865,683.4722332345298,690.802350597251,697.2699879507279,702.8676655905189
31.22867270300003,335.419555047854,334.3277373525553,333.45019279022256,332.8199683714364,332.46975702128816,332.43158402738806,332.73680904914664,333.41693844310436,334.50448101990895,336.0326578493691,338.0345592236984,340.54260807123995,343.58819367011625,347.20128747814687,351.4099282287219,356.23954460390684,361.7124254418771,367.8474103853392,374.65927226372054,382.1576621693707,390.3462062281872,399.22197892320764,408.77522533595874,418.9894714880338,429.84191371960674,441.3036256166277,453.3394919895782,465.9080635711309,478.96132990363196,492.4445242265673,506.2963178529977,520.4493107107306,534.8305864192032,549.362615914987,563.9644121620383,578.5521791294444,593.0395840423208,607.3390785770387,621.3641553975773,635.0301057330909,648.253343846579,660.9518064466993,673.0463421650544,684.4620858305126,695.1301894153947,704.9897544573438,713.989410860381,722.0885071290744,729.2583334336706,735.4838384221154
31.412667561000035,314.47224666544264,315.0876606357125,315.9185540062791,316.98822196365677,318.3208590226505,319.94142991859485,321.87635529293266,324.15424588576127,326.8054963283352,329.86133201197,333.35316859245904,337.3121481569487,341.7686639674017,346.7517609574449,352.2883802587347,358.40275762438404,365.116048519378,372.4456509935153,380.4040970854286,388.99810151748943,398.2279922755922,408.08739515458524,418.56331115229403,429.6364773373201,441.2815493818993,453.4670149359594,466.1550311789779,479.30118368773196,492.8542800967967,506.756535708307,520.9440573961715,535.3473938478485,549.8924358320799,564.5015687079989,579.0943200417904,593.587631024342,607.8971770533394,621.939623573466,635.63338257631,648.8979353161278,661.6542290045953,673.8260623230133,685.3414542049308,696.1343674911095,706.1466319939108,715.3295116147638,723.6448803165417,731.0664281054538,737.5812708936177,743.191289472843
31.59758669799976,318.95126741832365,319.34800963685456,319.99792629892534,320.9273122162161,322.1629529609509,323.73284780788214,325.6669794979478,327.9969417687643,330.75501799979133,333.9735704187726,337.68460379705465,341.91931545898717,346.7075187011465,352.0769078220001,358.0524745574553,364.65614862164466,371.90613339776513,379.81580745523587,388.39278057793973,397.63832881881484,407.547080578475,418.10709250294366,429.3002057329121,441.1022205982697,453.48279883217066,466.40528653576223,479.82645492362155,493.69627221750335,507.9580637361333,522.5489664199469,537.4004457324573,552.43915853281,567.5880640517762,582.7670257683503,597.8930328293654,612.8814663467903,627.6482966644409,642.1107770256734,656.1866992654786,669.7947194005161,682.855668115282,695.2938408130126,707.0386391117244,718.026408671074,728.201918420005,737.5194464989092,745.9438946765046,753.4523058202021,760.0352320049253,765.6973071288636
31.78163801799974,308.9850022035432,310.2760902652558,311.83585932095883,313.68721582676244,315.8551224811244,318.36731111434943,321.2538549479187,324.54619378247713,328.2764717043582,332.47705131874335,337.1800163571537,342.41654972407224,348.2161551033355,354.6060317949242,361.610675315884,369.25117460762254,377.5440762900404,386.50040438178445,396.1250597102129,406.41647069424636,417.3666339611715,428.96143497956507,441.1807864388941,453.9984930772382,467.38203580918855,481.29227180212933,495.683163487509,510.5018931784628,525.6892691649339,541.1801908730632,556.9044563458373,572.78781386183,588.7525002010805,604.717393945201,620.5992089297698,636.3146137691517,651.7808427655056,666.914863764569,681.6336108375832,695.8551968681494,709.5001008766053,722.4927022187438,734.7630069029192,746.2480115657277,756.8926710123716,766.6508918071,775.4869273614252,783.3766231288886,790.3080811003587,796.2824634491238
31.965447049999966,315.557551837231,316.56108000808985,317.87698034567217,319.5323376052806,321.5566166448967,323.9812820659052,326.8388685166708,330.16236111791517,333.984749914635,338.33857012251394,343.25531517378624,348.7646906397626,354.8940186703967,361.6678654645584,369.1073626006408,377.2290926602951,386.0441275596466,395.55744380738673,405.76758636774855,416.66671958181763,428.2409553180769,440.470496066864,453.3295016590033,466.7858724337447,480.8009454713786,495.32921683847263,510.3184464729675,525.710051531313,541.4395557315203,557.437377893468,573.6298614363692,589.939787285979,606.2864985247055,622.5870618536139,638.7583517449378,654.7176225658184,670.3816342185962,685.6668391771146,700.4905460191943,714.7720543347355,728.4341332231744,741.4046887361317,753.6180659572741,765.0159518228196,775.5483014166059,785.1746634931393,793.8653542065235,801.6020486782043,808.3785686426419,814.2020819668269
32.149289831999795,299.7567865278836,302.07156470134186,304.72721315566605,307.744165796594,311.14622756776055,314.95955318819097,319.21193736700366,323.932280995016,329.1500455659206,334.8945832146151,341.1943107383636,348.07603744314946,355.56451945177184,363.68171135418794,372.44558561853694,381.8691081040507,391.9595937694565,402.7183140822548,414.1404943684027,426.21559102330787,438.9273860177259,452.2538070713735,466.1666659900869,480.63131143506746,495.60630871197407,511.04350283759624,526.8883703314176,543.080426889594,559.553973768721,576.2390842715945,593.0620724300272,609.945571874544,626.809649634906,643.5738404475823,660.1576665753672,676.4797084405542,692.4577337436644,708.0098000019952,723.0553252684782,737.5164991781943,751.3198796705381,764.3976211359842,776.6883002191436,788.1377622184501,798.7003641276065,808.3400636810682,817.0309245211765,824.7578163188366,831.5176363140024,837.320359126913
32.33084737499985,374.98629305264393,372.5629692783135,370.54306206613444,368.9901809988718,367.9644665181238,367.5223373889496,367.71640365714916,368.5953546806142,370.20370740681057,372.5813814622216,375.76340947329476,379.7798541725831,384.6554023923139,390.4085058565822,397.0506568454924,404.5860227665753,413.01131126240745,422.3160043734902,432.48285208893685,443.4881632403667,455.3018027237332,467.8870882287254,481.2005834835609,495.1919013829743,509.80387406490195,524.9729962072021,540.629909532286,556.7002121751849,573.1054951260654,589.7638486458424,606.5899674284232,623.4962800138269,640.3949887627147,657.198586104584,673.8189130401765,690.1672682216125,706.1554831695124,721.6969589878877,736.7080373022441,751.1095513279107,764.8280033611846,777.7963354574237,789.9547167623657,801.2517240662902,811.6453654718052,821.1035178311369,829.6045573388849,837.1385103226188,843.708060624052,849.3290729883778
32.514438187999986,312.2953974378137,314.63385952247813,317.36469014199224,320.51939022658826,324.1305242886656,328.23124738171595,332.8548187037432,338.0339888360904,343.8002286290385,350.1831092593048,357.2099058107704,364.90489500091473,373.28821723600174,382.37489111922486,392.17420430285904,402.6893519980952,413.9174611979767,425.8498903549618,438.47234176957267,451.7646948859859,465.70075281196523,480.2478981505727,495.36677054688255,511.0113220191934,527.1291553303266,543.6619123620478,560.5459951239927,577.7135205935934,595.0927512890024,612.608129377363,630.1813388840186,647.7332814136979,665.1845302418565,682.4543279540574,699.460635211445,716.1211455189823,732.3542607431374,748.0803995644812,763.2234843120361,777.7120520974069,791.4799567298508,804.4670846933267,816.6204616740133,827.8951995586833,838.2548547069903,847.6719771554846,856.129178199574,863.6200532895178,870.1497418849461,875.7353910575674
32.69834074399978,335.62469477166115,336.67092393611625,338.1811557945851,340.19738994320466,342.7605787598969,345.9102883331374,349.684227783129,354.11761439615384,359.24268363176674,365.08841600122776,371.6799511872294,379.0375594246568,387.1757581816146,396.1027980150156,405.8203889564144,416.3238055754693,427.60226059634186,439.63908449160226,452.4116194450774,465.89102021786283,480.04195823736666,494.8223415556092,510.1834069953649,526.0700899909699,542.4214393368035,559.1713597205933,576.2495834771614,593.5821136950785,611.0912666988064,628.6967386807564,646.3175820909487,663.8726568264909,681.2796215701251,698.4549730148464,715.3150479983713,731.7769834302915,747.7600063237205,763.1868994962618,777.9850889696537,792.087319655867,805.4323427147922,817.9659911760189,829.6420938516497,840.4227984551815,850.2790837047056,859.1917879888025,867.1524916785228,874.1640348959943,880.2409029931865,885.4093926482957
32.88345665299994,323.23216620341697,325.64993032280046,328.55758617020535,331.9904052019486,335.98335142966505,340.5705304275446,345.7844765505372,351.65558776048124,358.2117803104715,365.47783383101563,373.47429693946214,382.2165414483199,391.7141890238794,401.9707815744465,412.98383339120306,424.7451547498219,437.24098419232575,450.4518376422848,464.3522666203665,478.910521588195,494.0882327540931,509.84046432969,526.1160474013057,542.8579582764168,560.0040248233071,577.4878618775102,595.2392774859106,613.184277653276,631.246094015058,649.3471197042883,667.4093181292883,685.3531697040586,703.0976639830341,720.5612519648752,737.6627532195989,754.3225899575345,770.4641934517088,786.0150287350866,800.907204103302,815.0780888074642,828.4713155917196,841.0376182338608,852.7350752112909,863.5295395608764,873.3955828916764,882.3172911124944,890.2886942690991,897.314063442698,903.4081099734044,908.5961271161034
33.06750758099997,330.95450695606445,333.60321919168183,336.7648524536308,340.47803768707763,344.7801056870596,349.7064000729914,355.28973838575996,361.5600932963695,368.54396424441035,376.2633094361804,384.73462611760453,393.96840284163017,403.9688149040084,414.7338008890433,426.25540997365533,438.5199571688618,451.507894628585,465.1935912846918,479.54501684113586,494.52344247672704,510.0835142705879,526.1736045465665,542.7362080347731,559.7086654100013,577.0241153244372,594.6119167498679,612.3976693375105,630.3042562601588,648.2537948414029,666.1680597202212,683.9674436176856,701.5709631742959,718.8972246301004,735.865343998777,752.3961938391824,768.4138220079335,783.8464882721778,798.6272852555355,812.694767027683,825.9939619005997,838.4772194795858,850.1044629616886,860.8436266000479,870.6716061219742,879.5750594696933,887.5508400431597,894.6062951581949,900.7594647221819,906.0390810511755,910.4841540224438
33.251450177999686,326.57524535534566,330.09082198017614,334.15172675936435,338.7938315538633,344.05160721566773,349.95755323820214,356.5418482848106,363.83169194449124,371.8502076270141,380.61549444908206,390.14005172463015,400.4304470861268,411.48736599352964,423.30593205896565,435.875835113129,449.1811748598747,463.2002120666883,477.9050229874588,493.2611690080676,509.22773715002995,525.7576562327101,542.7980551826824,560.2909456298207,578.1741294802961,596.3815728512227,614.8433736455032,633.4867468073971,652.2379121496981,671.0224491026095,689.7641830743402,708.3851105430613,726.8062773382535,744.9486044907387,762.734033533363,780.0868364734541,796.9345362222573,813.2084039389568,828.8439566737078,843.7818320474285,857.9684903040818,871.3563151413703,883.9038937907175,895.5768048397888,906.3482520395386,916.1993273308728,925.1191370579105,933.1048278375476,940.1614147062827,946.3015680775314,951.5460593359078
33.436340449,332.7404355923352,336.6956391338893,341.2182178370169,346.34533020931536,352.1119394193728,358.55047581049877,365.6901914546764,373.55607644977704,382.1679246210201,391.53977206627803,401.6795794145128,412.5892954110352,424.2651911280166,436.6980016086224,449.87278268436484,463.7686748159586,478.3585695649853,493.6087906048626,509.47914483032963,525.9232482948958,542.8888933977082,560.318739395376,578.1512268671244,596.3209574577326,614.7586661173957,633.3922098199693,652.148457591331,670.9536461383984,689.7322657086642,708.406983239051,726.8995171906424,745.1314583866582,763.0254086735895,780.5062825649002,797.5022175917405,813.945059759253,829.7708474365286,844.9206703653745,859.3413540760689,872.9855410749832,885.811949242024,897.7861359081894,908.8811058442267,919.0775463986436,928.3639237717754,936.7364769344605,944.1990118730411,950.7626527795312,956.4462211898139,961.277299896683
33.62017944799982,321.915962728958,327.71839976733025,334.0744698808378,341.0146572160511,348.56805192943744,356.7615962236357,365.61889751669486,375.1591966239232,385.3967145245006,396.3402486375959,407.99315620854304,420.353614029732,433.4146911776069,447.16414233209167,461.5841133155364,476.65075421127926,492.3338516944962,508.5968358350676,525.3970657832884,542.6861604262397,560.4106557454412,578.5128891513654,596.9313517616802,615.6006354827874,634.4523985171213,653.4172337718628,672.4250041086212,691.4037087200574,710.2793873573769,728.9769764811984,747.4211113417105,765.5372455109186,783.2529327453622,800.4987166405955,817.2085942325801,833.3204766522585,848.7770233203632,863.5262997983692,877.5218305163474,890.7228267021669,903.0949179020826,914.6107252795207,925.2500599252336,934.9999802027507,943.8547447206251,951.8155637454483,958.8903058598429,965.093831110714,970.4490251405135,974.9874622000442
33.804414731999714,318.6760722984439,325.640759013192,333.17916591520327,341.31642763869905,350.0762570883512,359.47970469245234,369.54407426563404,380.2822192924818,391.7020907384923,403.8066741177983,416.5942051228424,430.05820053385685,444.18721197095033,458.96449408627217,474.36758248427924,490.3678929017328,506.9306967803911,524.0153774938193,541.5757331469905,559.5606074931447,577.9147490429178,596.579139120077,615.4909155012867,634.5843150328615,653.7925194654786,673.0479682086651,692.2812020523517,711.4207443418829,730.3939334447084,749.1277002857846,767.549662253212,785.5893781410953,803.1792093918019,820.2547536084128,836.7552732767014,852.6244960369604,867.8112364980208,882.2694107169731,895.9582236014487,908.8428575901095,920.8950008007266,932.0929979225135,942.4218579652336,951.8731555946649,960.4447290605563,968.1403317722891,974.9699090823228,980.95057515385,986.1072703559508,990.4727734740633
33.98834147999969,329.9370576032235,337.19821221459307,345.0502931896967,353.52073450383494,362.6339620979876,372.4103363823397,382.86547525250126,394.00982844058956,405.84864067338935,418.38219271017977,431.60585676770825,445.50987370460604,460.0790433898175,475.2923233856221,491.12244733282733,507.5359180385376,524.4932794050736,541.9494330039648,559.8542807313805,578.1535935172878,596.7893467442464,615.6996489182447,634.8196868922578,654.0835717934848,673.4246492681093,692.7743380049312,712.0620029405843,731.2157769036379,750.163324397187,768.8329187485213,787.1546772257112,805.0613993234632,822.4889741383878,839.3767797336621,855.6684508077749,871.3124646505041,886.2621165199054,900.4756647302138,913.9169738657521,926.5559943999858,938.3688621206675,949.3378516368798,959.451220904613,968.702850032844,977.0918317351931,984.6226853565885,991.3062697858434,997.1603762028442,1002.2097507671904,1006.4862053686649
34.1696906090001,337.9128972610776,345.76385799963697,354.2286699752231,363.33198786407803,373.09433545561177,383.53142957868806,394.65375574698567,406.4665329864297,418.96995691389196,432.15925757692486,446.0244794345961,460.5501749170325,475.7150067122885,491.4913701908663,507.8453909954076,524.7372019652494,542.1212652344574,559.9470209775141,578.1597628153567,596.70098058012,615.5082970248504,634.5164218234546,653.6590070564218,672.8689678399008,692.0773321015107,711.2131259449428,730.2042083962758,748.9780492623754,767.4628213546713,785.5886516954823,803.2884769178021,820.4984687769944,837.1584526608422,853.212695385576,868.6105122186797,883.306264202742,897.2595259916449,910.4357525144358,922.8067826230507,934.3509629764491,945.0531262609774,954.9044604777285,963.9021723208406,972.0491017393546,979.353959302906,985.8322613340839,991.5069433670222,996.4084016068321,1000.5744579845248,1004.0499334722836
34.353677743999924,319.63250711609396,329.99389319971147,340.95782997072735,352.53300824284526,364.7253859095914,377.53759617494757,390.9687502065926,405.01452401557896,419.667066645022,434.91463747330977,450.7411643613469,467.1257179640135,484.0420136799259,501.4582962348207,519.3375109512517,537.6375273518818,556.3116963146714,575.30964048138,594.5775182595418,614.0578876069653,633.6905925150929,653.4145559328842,673.1680423162735,692.8874533211872,712.5071625893422,731.9603029244824,751.1794990964514,770.0979170401351,788.6504735910884,806.7746515083205,824.4108852610276,841.5029400465837,857.9986599345256,873.8505347143383,889.0156561919224,903.4558438539722,917.1382679647031,930.0359080452369,942.1276298314623,953.3981147067354,963.8376782943774,973.441881250273,982.2110894314059,990.1506552155425,997.2717951665957,1003.5921449188573,1009.1357413555742,1013.9329281700298,1018.0199568773032,1021.4382689104872
34.53761776700003,324.04171887255814,335.2280669313134,347.043320575864,359.48905253098116,372.5640185574442,386.26393682441693,400.58155061526094,415.50651176467153,431.0249929053586,447.11922048618464,463.7669240763366,480.9408135883239,498.6084395404536,516.7323405057044,535.2702434596687,554.1755982846039,573.3983461452598,592.8851620684947,612.5792978872273,632.4214484181852,652.351524551804,672.3088963614592,692.2311696594338,712.0540018473488,731.7118702480885,751.1387860386147,770.2693244270765,789.0398150885293,807.3891374801361,825.259086382722,842.5947300075983,859.3451364383965,875.463917866065,890.9091632496148,905.6435392190042,919.6348871934099,932.8566545879539,945.2879431438172,956.9134083361014,967.7230465239352,977.7117728869828,986.8789473552738,995.2285203689248,1002.7698737570756,1009.5183377407516,1015.4951343067764,1020.7272432561724,1025.2469632577065,1029.091177003492,1032.3009714912716
34.722478022999894,334.3695590336174,346.2144386810087,358.6914370344382,371.79871956607946,385.53148796638095,399.88203988131085,414.83964932823187,430.3901759100333,446.5155948245576,463.1934432130248,480.39629450364924,498.0916158890511,516.2419130971532,534.8049281760696,553.7341715531901,572.9796880828436,592.4882974090536,612.2034347944351,632.0660152714,652.0162047771339,671.9936613592231,691.9363098558089,711.7801558714139,731.4600522060204,750.9104108246376,770.0662309760874,788.8642874383046,807.2439234718607,825.147413787475,842.5203198236013,859.312213059519,875.4772157765558,890.9739298535745,905.7655333660568,919.8203729147393,933.1123895097286,945.6211609984963,957.3317949466824,968.2347085924166,978.3251988767864,987.602959718765,996.0722183362166,1003.7425658718159,1010.6294633034348,1016.7541728672537,1022.1436112854802,1026.8298971261993,1030.8496013987397,1034.2433061269637,1037.0553691478863
34.90661933299998,332.08676735363537,345.6446111174279,359.8062879539481,374.5609746159831,389.8960558043298,405.79691018238356,422.2464286040585,439.224456916996,456.7071591637053,474.66641303785593,493.0695928651264,511.8796443361709,531.0552167240545,550.5511338086561,570.3191031412429,590.3079038567457,610.4631790332517,630.7282552756784,651.0458729827154,671.3583901624918,691.6065229641886,711.7291284983045,731.6639428461267,751.3482670829122,770.719971657719,789.7186628407563,808.2864555550995,826.368317637271,843.9124075669909,860.8707811429516,877.1999162775389,892.860626267315,907.8181410911956,922.0426844582023,935.5098842414234,948.2007991134803,960.101795136957,971.2043087941322,981.5043993428927,991.002247573576,999.7022726986303,1007.6139425897406,1014.7522583251435,1021.1376632877883,1026.7958731498495,1031.757399148015,1036.0567738652671,1039.7320844115477,1042.8247114406481,1045.3788885171175
35.09071426999981,344.70482557874163,358.6499338264305,373.21840025883085,388.39566188588515,404.1652726864278,420.50843653454274,437.40346223392135,454.8251366385092,472.7441278585328,491.12677394847714,509.935161416318,529.1272593821443,548.6573906881363,568.476939656079,588.5345367463959,608.7758461482952,629.1443789919808,649.5832156403551,670.0351999089551,690.4416683503002,710.7422201309033,730.8754403446393,750.7795695189477,770.3934895789554,789.6578698942478,808.5159176324169,826.9136973664856,844.8004418765146,862.1292295219348,878.8574772594036,894.9468195697866,910.3631527608301,925.0771722930779,939.0647407058037,952.306868916541,964.7895446280342,976.5034443336082,987.4434318452295,997.6080004918745,1006.9993308334092,1015.6240392636267,1023.4935986753148,1030.6241816950148,1037.0364231527317,1042.7548745896158,1047.807160492997,1052.2234417062461,1056.0360850937204,1059.2792820355755,1061.9890410439966
35.27554177899992,370.41512885311573,384.1662457752699,398.5305153847398,413.49823185039304,429.05640024380364,445.18826555974255,461.87275829818594,479.0839681464887,496.791000771333,514.9581217397687,533.5449531381718,552.5070039864187,571.7964339876437,591.3622907551351,611.150346471728,631.1039566317476,651.165824310819,671.278232824755,691.3818099468591,711.4153292621736,731.3164615665494,751.0224691421572,770.4712132580433,789.6023186100464,808.3579390178637,826.6830894223933,844.5259662206198,861.8386314113452,878.5775097222139,894.7032690755607,910.1808639514518,924.9800693850211,939.0758432622389,952.4482997731848,965.0825278407845,976.9682910995039,988.0995124320567,998.4737002969207,1008.0919887797286,1016.9598668341973,1025.0875779832668,1032.48994109348,1039.1860890027422,1045.1988979309415,1050.5541175030567,1055.2798069885728,1059.4059770123304,1062.9641795074917,1065.987482996571,1068.510905516795
35.45952536799996,374.02556681599617,389.17142805320344,404.899884269839,421.1938265458145,438.03318323974554,455.3942975924891,473.24933601601265,491.56608231980925,510.30802207516643,529.4344828112756,548.9011112153182,568.6605869066364,588.6628129161089,608.8547087801122,629.1810288219236,649.5860889615162,670.0139647871579,690.4072239104053,710.7066980185367,730.8522073540285,750.7832302633617,770.4398879658727,789.7640880528083,808.7002708260758,827.1957233093146,845.2008827576668,862.6700049299302,879.5616460867799,895.8385288701445,911.4675714254066,926.4204073139224,940.6737336988164,954.2092704916786,967.0135641177299,979.0776723259409,990.3966329178976,1000.9688735091082,1010.7962341533441,1019.88467821137,1028.2446726702158,1035.8909884829877,1042.8424176896112,1049.1211802534199,1054.7520304758177,1059.7616686547012,1064.1783573350665,1068.0314850495051,1071.3515147976225,1074.1704129319935,1076.522011590004
35.64352853999981,386.00294673933547,401.86874732546556,418.29869256767023,435.27211161193907,452.7650166632713,470.74949887581346,489.19351037905335,508.06093664791234,527.311724895691,546.9023496255211,566.7865148535877,586.9153330591232,607.2371066762266,627.6981345889119,648.244426842821,668.8218901645525,689.3750471539028,709.8467943941099,730.1791120293212,750.3137172610537,770.1930317150981,789.7613059825183,808.9653452320977,827.7548005108591,846.0824473411021,863.9048266598897,881.1826968494124,897.8808668030989,913.9681891867473,929.4180412506475,944.2086304983255,958.3229077400413,971.7483210508854,984.4764469482827,996.5024015816912,1007.8241890028132,1018.4426583425065,1028.3621453180015,1037.5907793715462,1046.1402071645855,1054.0252294078769,1061.2631242554828,1067.8726674983243,1073.873455684579,1079.2854320730569,1084.1283589792356,1088.4216745375832,1092.1848304434054,1095.4377789741925,1098.2017926649864
35.823685739999746,397.33655933428696,413.79391513788516,430.83244964019764,448.4224206005272,466.5305743569154,485.1199191115798,504.1497860780291,523.575944627135,543.3510529901471,563.4253444194682,583.7467892163166,604.2608587625048,624.9113143095063,645.6419040012237,666.396530957205,687.1179554918667,707.7475369011315,728.2259275296402,748.4937117133804,768.4923596728089,788.1653397656436,807.4588330853469,826.3220150948707,844.7073259623431,862.5711046890502,879.8740358095085,896.5809786274459,912.6609581539781,928.0876450993912,942.8396622082422,956.900499438701,970.2582714674314,982.905353784731,994.8378001107619,1006.0546981269191,1016.5581352613588,1026.3538498515516,1035.451548869871,1043.864642805949,1051.6098945396,1058.7067552683632,1065.176397543074,1071.0410513369325,1076.32354283166,1081.0467792359868,1085.2336173925553,1088.9072124447214,1092.0915145461488,1094.8120156200862,1097.096518205582
36.00458501100002,417.64445036895614,434.28436441643163,451.49696332210766,469.2494552648116,487.5050245823579,506.2229258444865,525.3586299098018,544.864303530365,564.6895224310598,584.7814583171242,605.0846660068056,625.5418935151921,646.0957986495193,666.6891350356199,687.2634707512058,707.7589451030735,728.1149763710999,748.2709132262061,768.1670000110607,787.745499406598,806.9514165833987,825.732789638712,844.0409680942769,861.8312546502389,879.0633590755987,895.701234294636,911.7130739255417,927.0717987062949,941.7553691741806,955.7467071690317,969.0334597025123,981.607641510481,993.465059062268,1004.6046730540153,1015.0285711476852,1024.7426262900365,1033.756821797227,1042.0849937859705,1049.7444877591063,1056.7555023698667,1063.140130363936,1068.9217025551907,1074.1243344331385,1078.7724186149953,1082.8905007787464,1086.5036352107875,1089.637887794335,1092.3210882693475,1094.5835399431335,1096.457908723974
36.18846860199983,407.7328977673711,427.0197195249701,446.78821277962686,466.99139385885417,487.58043238025135,508.50461733559774,529.7116637159597,551.1482601853781,572.7600986764135,594.4915123791355,616.2861450935417,638.0885355327382,659.8441794197329,681.498132385092,702.9946589539989,724.2778401276222,745.2921318886243,765.9832443921139,786.2991848961702,806.1909080285566,825.612537661871,844.5215816245561,862.8795138824812,880.6521725040333,897.8095428992991,914.3257050245419,930.1792714307365,945.3536529797295,959.8369342732228,973.6215918343407,986.7040908828604,999.0842630328568,1010.7646215299407,1021.7502854191582,1032.04958765114,1041.674348033776,1050.6395613849654,1058.9629975267574,1066.6644860404883,1073.7648957454558,1080.2854147940352,1086.2470310975518,1091.6699564973192,1096.573432609963,1100.976014871007,1104.8960030973722,1108.3521210046729,1111.3641535809845,1113.9529502342516,1116.1403937755304
36.372426498000095,414.03645978764223,434.7949808707648,455.9572603189495,477.4702598385197,499.2800838881082,521.3322008932131,543.5719090144805,565.9442875548161,588.3937606092901,610.8646959879915,633.3029229940097,655.6557318354271,677.870417561973,699.8938736514353,721.6731475459394,743.1559502268884,764.2914893174526,785.0314684674539,805.3306962954173,825.1472688196691,844.4427462508542,863.1826984145213,881.3370667431709,898.8799119507381,915.7893257023937,932.0478327827024,947.6426202158855,962.5653750228117,976.81196330655,990.3819861757937,1003.2781145229276,1015.5053589855218,1027.0709462215023,1037.9848762765478,1048.2601417581755,1057.912359020183,1066.959307891798,1075.4201528163815,1083.314355364239,1090.6608840771423,1097.4776214924325,1103.780711970051,1109.5842885427057,1114.9006756934523,1119.7407368581546,1124.1144696695349,1128.0315585369908,1131.5012932913057,1134.5326690311722,1137.1356964721222
36.55366791200004,473.03651343990197,490.1515022137987,507.8411968796403,526.0564720137136,544.7447432451954,563.8507657864213,583.316897354364,603.0829521231379,623.0870689762644,643.2674780552766,663.5627289488261,683.9104441060239,704.247103398787,724.5087730201336,744.6317717634848,764.5536451814584,784.2142914273786,803.5566831283159,822.5271503094851,841.0756463337276,859.1563722101149,876.7282082822057,893.7545234584392,910.2031413189488,926.0467905893659,941.2633773839386,955.8358618077023,969.751972467138,983.0037952050968,995.5871388287638,1007.5008348539225,1018.7466430298128,1029.3298379939595,1039.2594582763077,1048.547968292523,1057.2108302255224,1065.2657589504624,1072.7316701807852,1079.6279279255039,1085.9737911544044,1091.7878032560527,1097.0875623794323,1101.8899693393284,1106.2116215599713,1110.069455647726,1113.4813476538648,1116.4660791117822,1119.0434832248552,1121.235591276394,1123.0675214962253
36.73760215199991,464.3823928558324,484.27079212905574,504.60761190471345,525.3312991906762,546.3796307117065,567.6897876762594,589.198030112516,610.8403945300354,632.5542992406184,654.2786208846843,675.9523058290921,697.5140223374663,718.9027665835075,740.0584153553926,760.9225956836921,781.4397148714044,801.557594901413,821.2276758277045,840.4052096687035,859.0498196869212,877.1258735778018,894.6022402308677,911.4522088917493,927.6538977085498,943.1904885606988,958.0500702627006,972.2253232052366,985.7130812758612,998.5136733707824,1010.6302010824376,1022.0684239096279,1032.8373269451192,1042.949351890555,1052.4200416957815,1061.2675954073306,1069.5121060969998,1077.174491795488,1084.2757253018485,1090.836262580837,1096.875413184919,1102.4110906818019,1107.460039697584,1112.0382080217894,1116.1613663805547,1119.8456850002085,1123.107675154668,1125.9643102319385,1128.4341466025573,1130.538238877533,1132.2999102288002
36.9214460180001,493.55955167458256,512.8958393284264,532.6674842272333,552.8148233610614,573.2769165156378,593.9913039525354,614.8947825415302,635.9250845565522,657.0210226077188,678.121164343142,699.1635428245704,720.0863156797171,740.8283659357392,761.3302148417163,781.5350902487501,801.3895946236065,820.8439374099036,839.8521533667827,858.3726818820816,876.3687558946841,893.8081701980445,910.6632080580163,926.9110532275488,942.5340243493994,957.5194139258109,971.8591649977434,985.5494214500095,998.5898543226148,1010.9829207776171,1022.7337271300469,1033.8505709585006,1044.3451432069198,1054.2321406396577,1063.5287853055872,1072.2540239621878,1080.427417476819,1088.0683261840124,1095.1952910385912,1101.8253541528825,1107.9737568785229,1113.6541122553406,1118.8787205235503,1123.6591305981356,1128.0066569681103,1131.9322606077915,1135.4466088878075,1138.5611352854685,1141.2888940688154,1143.6444044010084,1145.6436227903835
37.10524067799997,531.1255994033,549.1607480556099,567.6462826962645,586.526509339262,605.7428373929617,625.2347020927816,644.941381894005,664.8022740464601,684.755691835538,704.7386893338008,724.6878267842887,744.5398696057256,764.2327914708446,783.7069252183629,802.9057059066107,821.7759709874178,840.2682395203577,858.3373457337885,875.9428758904089,893.0489785609394,909.6243275747948,925.6425650662669,941.0825619401587,955.9282782625652,970.1684570376526,983.7961875945787,996.8082412605651,1009.2043362518576,1020.9870034593487,1032.1621283979714,1042.7391504698683,1052.7306701269226,1062.1519607971431,1071.0201587203012,1079.3531408909191,1087.1686972556183,1094.4838971611753,1101.3143937876457,1107.6741048640736,1113.5753666186847,1119.0292297832264,1124.046000669459,1128.635736897146,1132.8081064767077,1136.572425351671,1139.9386943212955,1142.9184306438929,1145.524488901232,1147.7710275551,1149.6741350899604
37.29030981699998,551.5593214866461,569.8718691970372,588.5687506840894,607.594950126103,626.893288732714,646.4062595866784,666.0763209900648,685.8447115008305,705.651292219753,725.43532917714,745.1362085488008,764.6944549011961,784.0528959829115,803.1574181336117,821.9572770574746,840.4053856537301,858.4589539864185,876.0799301291171,893.2348117680663,909.8946076137923,926.0352758222973,941.6379765337572,956.6889208203329,971.1790492924945,985.1035763802583,998.4613027627427,1011.253852682065,1023.48550763172,1035.163711513536,1046.2992282528123,1056.9057023148468,1066.999118866858,1076.5969366364188,1085.7169036012347,1094.3761616302947,1102.5905400878175,1110.3737821977365,1117.7371425846788,1124.689453124045,1131.2373261715354,1137.3855985189227,1143.1377260709025,1148.4955384573418,1153.4591693022035,1158.027983800325,1162.2012997579038,1165.9780976670488,1169.3568773802574,1172.3364601534429,1174.917498873996
37.474327539000114,550.9329011200048,570.7754845240731,590.9645139981343,611.4295396902525,632.1013234071273,652.9120244692189,673.7939079190857,694.6790816015341,715.500175800812,736.1909588870304,756.6872597908052,776.928041347904,796.8560690240979,816.4181401291216,835.5652955051305,854.2533890029412,872.4434636584195,890.1015045810236,907.1983476911265,923.7100715570881,939.6182094581774,954.9095639556723,969.5758571885766,983.6132528568938,997.0216522945266,1009.803921280681,1021.9657189784797,1033.5160039801392,1044.4671983206983,1054.8347597629556,1064.636658943531,1073.8925342624773,1082.6225344663978,1090.8464548420218,1098.583066807883,1105.8493844544828,1112.6603061745957,1119.0287282114057,1124.9657988551994,1130.4814162567013,1135.5846794293623,1140.28370118364,1144.5855981892978,1148.4974792323185,1152.0272271728488,1155.1832694546683,1157.9744939361199,1160.4111079336149,1162.5059997690144,1164.275606371892
37.658204012999704,566.440520729528,586.7322744989154,607.3242132291144,628.1427447892189,649.116053793443,670.1727964047617,691.2418225247955,712.2528393900354,733.1370103290242,753.8278597709337,774.2623287893614,794.3814259057598,814.130438449451,833.4591266231289,852.3222757277762,870.6800555787448,888.4977572247299,905.7456861878699,922.39953954093,938.4406039974679,953.8555573332799,968.6361063790117,982.7784975589944,996.2828023803238,1009.1521345138908,1021.3924698407625,1033.013144420722,1044.0270112160038,1054.4500058382644,1064.3006178691046,1073.5990405925895,1082.3660090419075,1090.6219322259458,1098.3862192693284,1105.6765429596212,1112.5084787844492,1118.8956162253469,1124.8498109764669,1130.3816809921307,1135.5010558701142,1140.2167882471238,1144.5367423349119,1148.46878059519,1152.021543990609,1155.2042205925854,1158.0264592458059,1160.499226110183,1162.6361633012161,1164.454424172399,1165.974295231644
37.84327763300007,631.5277860734674,648.5287766803839,665.8446992889652,683.4241352492877,701.2126412571721,719.1527850313073,737.1851109102487,755.2490278396618,773.2839898233584,791.2308123456527,809.0325689283051,826.6350327488552,843.9870852673723,861.0414672606247,877.7553213675843,894.0900964388376,910.0115931806897,925.4904787586449,940.502607946939,955.0289336024888,969.0552402010852,982.5717369365918,995.5724133317475,1008.0543145580784,1020.017408398807,1031.4651193713337,1042.404511396997,1052.845869832356,1062.802179947617,1072.2882752135274,1081.319665808639,1089.9116537094772,1098.078634581768,1105.8333304404598,1113.1863916269583,1120.1464653305436,1126.7203997801446,1132.9136874703286,1138.7308573945277,1144.1752254392247,1149.2488185611946,1153.9532942616438,1158.2906513381492,1162.2629272729728,1165.872039575933,1169.1205695680994,1172.0130485465431,1174.5567216535728,1176.7612507629879,1178.6383801042073
38.027461268000025,693.9330152838536,707.8772942047957,722.141720777112,736.6943664664984,751.496724881799,766.5049761336293,781.6711646539185,796.9446590886396,812.273736588283,827.6067347288508,842.8927352874059,858.082201320546,873.1279426278538,887.9858585478557,902.615028363399,916.9779289137471,931.0411072895349,944.7756464977269,958.1572072497686,971.1658800465366,983.7858845454133,996.0050196804183,1007.8140222831519,1019.2065067078272,1030.1795615577469,1040.7339854863556,1050.8739134713505,1060.6063312255826,1069.9402516739276,1078.8855644622802,1087.4521653992072,1095.6492665682094,1103.4846315785521,1110.964174982958,1118.0920235483952,1124.8707089450013,1131.301595636118,1137.3852543428845,1143.1211906202238,1148.5077445338702,1153.5429833062417,1158.2253832547071,1162.5534967146134,1166.5257615928442,1170.1412523623703,1173.400932761749,1176.3083858492832,1178.8694830562931,1181.0920568131492,1182.986409611807
38.21131015999981,597.9205017457894,619.868498828411,642.0384213030061,664.3310268195754,686.6505304704998,708.905091425595,731.0075978410201,752.8765964615865,774.4368135576148,795.6192342026005,816.3611635544344,836.6066469246227,856.3066988267071,875.4189121161585,893.9072272936628,911.7421900063359,928.9010345177003,945.3673759470465,961.1307448983703,976.1860007423335,990.5325261612845,1004.1733597316975,1017.1149379851262,1029.3675219150462,1040.9452887232735,1051.8658389913608,1062.1496157073757,1071.8190078347538,1080.8971481466203,1089.4070109899035,1097.3707094923523,1104.8087354699512,1111.7395798681905,1118.179830243825,1124.1444136859247,1129.64708780301,1134.7008889989875,1139.317946423669,1143.5094764292512,1147.2867782272426,1150.6620258722826,1153.648051034852,1156.2582729348842,1158.507572918911,1160.4136725517194,1161.9979894027251,1163.2854306139275,1164.304187165877,1165.0860069028447,1165.665502619959
38.392779611999686,674.7195287746413,692.7028676698675,710.8792839326154,729.1819474675849,747.5436573284765,765.8979974420272,784.1806257267797,802.330141314679,820.288495281242,838.0013672470847,855.4188836052139,872.496126776006,889.1930060260747,905.4742695341421,921.3099855127151,936.6758300712554,951.552964656213,965.9277368238222,979.791240828624,993.1386409256789,1005.9684145035144,1018.2821868744053,1030.0852331074325,1041.3866281400326,1052.198795812432,1062.536953725894,1072.4182270896395,1081.8604417632284,1090.8812026463597,1099.4971574215174,1107.7231894057156,1115.5719778530686,1123.054022736949,1130.1778029520617,1136.950171130851,1143.3766948985092,1149.4613535967153,1155.2064060045195,1160.6132505113842,1165.6830737045666,1170.4164827562902,1174.8132790071052,1178.8731713672892,1182.5969896757326,1185.987373609092,1189.048398799967,1191.7852048270977,1194.2041050754508,1196.312159394637,1198.1168340350328
38.576384656999835,702.8390290613509,719.6418173404377,736.6689014560945,753.8517411933906,771.1218834473267,788.4123605982783,805.658658250944,822.7992179810125,839.7758977363827,856.5347659684413,873.0266792456879,889.2072142585084,905.0367342866886,920.4809183371411,935.5110910413531,950.1041365524103,964.2422305987551,977.9124275722678,991.1060059337136,1003.8177294256654,1016.0456962784856,1027.7918521380227,1039.06214827683,1049.8660960412226,1060.2162147241038,1070.127146297973,1079.6144474647215,1088.693665404169,1097.379597437012,1105.6854785491657,1113.6225352908161,1121.2000032318792,1128.4252770490466,1135.3042965562986,1141.8418786039556,1148.041403961357,1153.9046747815569,1159.4327641589523,1164.6266537848048,1169.4868551167265,1174.013171478028,1178.20539971817,1182.0645315741272,1185.5934303178565,1188.7964443342034,1191.679022272119,1194.2478097423927,1196.5102084623343,1198.474010721746,1200.1483065031011
38.76035807199969,705.4562206959516,723.1713339373532,741.0749417618117,759.0876719188503,777.132819753768,795.1372476344061,813.0318182152112,830.7517849871477,848.2375168940025,865.4350073821557,882.295739323563,898.7766863369668,914.8407790969138,930.4571750368681,945.6011149435628,960.2536008030779,974.4009319309163,988.0340027801711,1001.1475199900157,1013.7398108977019,1025.8132992498965,1037.3746296556697,1048.4341916907426,1059.0055407801299,1069.1044892135124,1078.747877655103,1087.9526334225368,1096.7350156323714,1105.109791032053,1113.0897788968466,1120.6858620319997,1127.9071328081363,1134.7612773894177,1141.254907922416,1147.393251639068,1153.1800123057535,1158.6182253582474,1163.7109025511593,1168.460661355899,1172.8694963347023,1176.9394909265113,1180.674029581146,1184.07848561472,1187.1598462085583,1189.9263389615267,1192.3875397241022,1194.553942356775,1196.436603015292,1198.0479923469663,1199.402833383634
38.94419107199974,754.6683012331132,770.1178548233631,785.7285976983371,801.4388988354572,817.1882241992715,832.9177856267745,848.5711397187118,864.0951125494418,879.440499784302,894.5621130374565,909.4189525421572,923.9748344068256,938.1988106681309,952.0651655492552,965.553222287124,978.6469976434844,991.3346076438901,1003.6075823131894,1015.4607618834625,1026.8928505003262,1037.906609289212,1048.5084400324836,1058.7078569413727,1068.516620243982,1077.9475423233614,1087.013573053798,1095.727064804674,1104.0989612991332,1112.1383490672117,1119.8524688874106,1127.246856490335,1134.325716021429,1141.0922363605957,1147.5482595752371,1153.6941172567015,1159.5294563945167,1165.053850930639,1170.2663945430543,1175.1654322062975,1179.7492292928325,1184.017138491651,1187.9702402726878,1191.6109186948408,1194.9424373672994,1197.968995721094,1200.695246695509,1203.125888942133,1205.2664674740413,1207.1242653108147,1208.7085158342952
39.128991638000116,776.3784549728624,791.1357312317249,806.0495559114149,821.0593321228089,836.1057792706355,851.1316004491973,866.0824704475439,880.9077940291514,895.5608054229973,909.9987892243017,924.1837511221718,938.0828768221801,951.6685627379098,964.9182529864735,977.8141199762983,990.3424923040358,1002.493187898952,1014.2594250554054,1025.638387537184,1036.63142576497,1047.2436454782055,1057.4833814857413,1067.3613303464372,1076.8893528229687,1086.0795528556569,1094.943533614077,1103.4915748924427,1111.7321706583234,1119.6720242107974,1127.3161702772873,1134.6683275967414,1141.7311921343103,1148.5060802500668,1154.992737618575,1161.1901356036358,1167.0970512860602,1172.7116267578242,1178.0310653055183,1183.0522633367823,1187.7729384335246,1192.1922293890925,1196.3102301804572,1200.1275228668537,1203.6451897858458,1206.8642864018013,1209.785388200274,1212.4093458910017,1214.73813185414,1216.7751005805396,1218.5255020910918
39.313260094999805,810.3849933216253,823.6951114822405,837.1515094298801,850.7021568432802,864.2955143030985,877.8816595402874,891.4131781568299,904.8453893418824,918.1366864812119,931.2493208785537,944.1499668490183,956.8098517309177,969.2046853937778,981.3144266347989,993.122790337239,1004.6166535303877,1015.7860332303858,1026.6247125148973,1037.1304971365105,1047.3048543784817,1057.1524320931062,1066.6802320987135,1075.8964491180595,1084.8095823453752,1093.4277205377912,1101.757745229585,1109.804891203048,1117.5727619856857,1125.0634700038545,1132.278005226703,1139.21654271542,1145.8780986523584,1152.2603508796806,1158.360445864306,1164.1755884780014,1169.7026103745043,1174.937674731751,1179.876916333855,1184.5175774725662,1188.8586155955427,1192.9002446961538,1196.6434754527095,1200.0901344766332,1203.2423439845502,1206.102075218546,1208.6719097782343,1210.9558916697094,1212.959792661666,1214.691571867179,1216.1618669469067
39.49748577899982,827.085697695333,839.930049225068,852.9207810491398,866.00466593659,879.12988602857,892.2469708235642,905.3090656700018,918.2723108525573,931.0966596902816,943.7464741137329,956.1906814788616,968.4027274082958,980.3603622641888,992.0451653348383,1003.4419650784588,1014.5388285004572,1025.3276963063809,1035.8046463155656,1045.9695370093814,1055.8255293141522,1065.3782609435868,1074.634684621147,1083.6021773959515,1092.2878220630544,1100.697605390621,1108.83597238118,1116.705834419808,1124.3087010128265,1131.645039015354,1138.7145698189863,1145.5159141230938,1152.0464003619072,1158.3028587413614,1164.282197307485,1169.980955858152,1175.3949954944176,1180.5201228138164,1185.3532092540597,1189.8927815456188,1194.1385453030548,1198.0909068036904,1201.7509733610725,1205.1200136650366,1208.19899148013,1210.989306945979,1213.4936283788973,1215.7161372753587,1217.6629675641516,1219.3426998009697,1220.766400419283
39.68239907599991,844.5614517834332,857.0555805649644,869.6735980461485,882.3636063965671,895.0757139838297,907.7623441859171,920.3786520114505,932.883377011144,945.2394710372331,957.4142847195386,969.3795475780107,981.1111795206538,992.5888379667966,1003.7953591075208,1014.7167665565923,1025.342924217653,1035.6678160410954,1045.6892047360739,1055.4081677309143,1064.828284900173,1073.954489571077,1082.7921902129112,1091.3465640066095,1099.621767178798,1107.620501503373,1115.3440349924003,1122.7923466407676,1129.964499274494,1136.858951115073,1143.4732158126765,1149.8036871366596,1155.8464503790892,1161.5978769788321,1167.0541982461364,1172.211216032704,1177.0649493772157,1181.612777639194,1185.85405605892,1189.789665725064,1193.4215629206915,1196.7528081449639,1199.787056037488,1202.5281194148454,1204.980741440539,1207.1514585624086,1209.0488766071308,1210.6841407190032,1212.0714594256515,1213.228050942715,1214.1735277666426
39.8666113029999,868.5612535353382,879.896104332002,891.3763302137222,902.9534575496185,914.5804896853898,926.2124286349275,937.807226116722,949.3265025014792,960.7358176083386,972.0047283889247,983.106671410372,994.0185745751762,1004.7203568166515,1015.1949892733827,1025.4291950361333,1035.4137704211194,1045.1432801240155,1054.615624841441,1063.8312561728437,1072.792050608419,1081.5004502952404,1089.9587720610346,1098.1684298538164,1106.129510264767,1113.8407994096633,1121.299931275158,1128.5037618094807,1135.4486795870125,1142.1302630039702,1148.5431003854085,1154.6815952386846,1160.5405533283863,1166.1147476087388,1171.3986190038745,1176.3869122014287,1181.0758070988686,1185.463521958819,1189.549850366685,1193.3356970671207,1196.8230930779887,1200.0146714067832,1202.913216675032,1205.5224227671836,1207.8477412339166,1209.8966429373204,1211.6790737262768,1213.207964530435,1214.4991640965438,1215.5708105351969,1216.44251642352
40.05052257599982,917.1009570843848,925.8710305329537,934.7843334159529,943.8115386383735,952.9223672985859,962.0867797849969,971.2759276203177,980.4626488680548,989.6217412474838,998.7300501843108,1007.766275740066,1016.7106568343137,1025.5452060904242,1034.2545723606975,1042.8265139659677,1051.2517351890942,1059.5235848838572,1067.6373923635829,1075.5894527910295,1083.3762702308727,1090.993960356314,1098.4375585135501,1105.700673381746,1112.7755850908522,1119.6534585001198,1126.3247765163205,1132.7797048774278,1139.0077989466142,1144.9978694707181,1150.7388300939303,1156.2203238347497,1161.4323250687496,1166.3648754838948,1171.0087536165847,1175.3566390136355,1179.403747442207,1183.1473995636295,1186.5865884242278,1189.722026389322,1192.5556530209237,1195.0902173252543,1197.3300685493023,1199.282038258113,1200.9557361180202,1202.3640400447744,1203.5236409053189,1204.4550097238646,1205.1818032105562,1205.7299372425139,1206.1264766231513
40.23180802099978,908.6548327031186,918.1969465890788,927.9112405878949,937.754250833388,947.6842230155755,957.6619969679381,967.6514316611677,977.6196057077694,987.5368314395373,997.3763872191618,1007.1141270084607,1016.7286410294857,1026.2020449837667,1035.5203811851338,1044.673384383426,1053.6541113027774,1062.4582091517816,1071.0828353572379,1079.525836656419,1087.7850894625014,1095.8577470854523,1103.7398338857874,1111.4262850301786,1118.9111023307717,1126.1877308040318,1133.249367114796,1140.088610178712,1146.6972705991552,1153.067161450152,1159.1906673381995,1165.0602880196989,1170.668314789576,1176.0074390181715,1181.0718536761306,1185.857824095068,1190.3631902428058,1194.5868657721687,1198.528814424597,1202.189485299711,1205.5693204896413,1208.6694693988086,1211.492592698008,1214.0430786379231,1216.3274527709311,1218.3548417571672,1220.13685979747,1221.6869342156815,1223.0193006439165,1224.1480196481848,1225.0866732905736
40.41545594499985,917.1517113667287,927.2059957119588,937.3478071235165,947.5381509196145,957.740665977539,967.9220254876153,978.052116516679,988.104036183449,998.0538088478263,1007.8799830794447,1017.5637819880286,1027.0898841317826,1036.4468181158338,1045.6267234210181,1054.624976256708,1063.439455472473,1072.0694605656176,1080.5148897129666,1088.775579543233,1096.8505520423332,1104.7376084875566,1112.4333689065484,1119.9334273784334,1127.2327276569104,1134.3258701335938,1141.2067602760715,1147.8684150868846,1154.303749974111,1160.5061428549125,1166.4689716669172,1172.1852834113129,1177.6483940237551,1182.8529798432453,1187.795636869382,1192.47437004256,1196.8880777760837,1201.036512306847,1204.9196973778712,1208.5374167719146,1211.8899080571086,1214.9786445553855,1217.806528344281,1220.3782754519932,1222.7008540604252,1224.7833444275766,1226.6362372528586,1228.2704011748474,1229.6960715120752,1230.9225769305904,1231.959075113143
40.59948332399972,956.1350727167677,963.8708359670944,971.7267573186635,979.6782125619803,987.7013680967667,995.7735685021051,1003.8735322143667,1011.981259015148,1020.0778075652061,1028.145616190464,1036.1694438959883,1044.1369146000188,1052.038417113964,1059.8668597393882,1067.6170546729372,1075.2847444792797,1082.8658788393873,1090.3560436152861,1097.749787985133,1105.0402899344342,1112.2194590102235,1119.2781470807129,1126.2065720138635,1132.9946657300536,1139.6317571990232,1146.1064073579964,1152.407218764127,1158.5234172141988,1164.4444019050088,1170.1594226422033,1175.6581837617252,1180.9319358854532,1185.9740320358571,1190.7794106616036,1195.3440711036703,1199.6650223529907,1203.7396868819123,1207.5653733233448,1211.1399526001603,1214.4626207456267,1217.53407144549,1220.3568596734112,1222.9358174399783,1225.2778905678097,1227.3914134152026,1229.2850524365847,1230.966770891147,1232.4435315884311,1233.7220378944453,1234.8097252265586
40.78316720900011,965.7195754912218,973.1296453442677,980.666842078711,988.3076273347818,996.0295479094149,1003.8114668319753,1011.633503281112,1019.4768395638387,1027.324068350496,1035.1601571288215,1042.9730128538301,1050.7533992991673,1058.4947059539513,1066.1923436206635,1073.8427789290904,1081.4428159178383,1088.9890266572786,1096.4770765885971,1103.9013847735223,1111.255217858427,1118.5308883808038,1125.7201622064722,1132.8145864181834,1139.8051480834029,1146.682080729722,1153.4356411888266,1160.0566538885923,1166.536019015279,1172.8643429075057,1179.0324902093435,1185.0326187808855,1190.8586737863143,1196.505803430256,1201.9697618202656,1207.2467797904064,1212.3328854945194,1217.2232886189693,1221.9129629506429,1226.3973107396675,1230.6722321603008,1234.734381597767,1238.5814722301106,1242.2119983691155,1245.6243931472397,1248.8158532268485,1251.7811837654695,1254.5123815934778,1256.9992580517564,1259.2306334184293,1261.195988063899
40.964649049999935,984.2719450131859,990.9442089204312,997.7443669546042,1004.6538878789535,1011.6546815482528,1018.7291139120981,1025.8598862214908,1033.0304514209695,1040.2260445456616,1047.4343100172425,1054.6452783167922,1061.851190900126,1069.045948576469,1076.2241956693422,1083.3806482487025,1090.5095685747847,1097.6041316196283,1104.6561240728477,1111.6560748641582,1118.593488072725,1125.4572832635945,1132.2361548304211,1138.918261034368,1145.4910598303957,1151.9421144024498,1158.259665742803,1164.4321689456478,1170.4479518145386,1176.2957955361296,1181.9659986282402,1187.4509007738436,1192.7443291825707,1197.8410331048187,1202.7365874542857,1207.4267474390554,1211.906868110186,1216.17252358721,1220.2202093848614,1224.0474510871286,1227.6531009933606,1231.0376840531162,1234.2031623483604,1237.152135447651,1239.8867079854954,1242.4073773128184,1244.7126587184969,1246.7997491404622,1248.665760689978,1250.3092637564578,1251.7316190186252
41.148056606999944,986.766606865673,993.7076718075878,1000.7662048702334,1007.9221684401768,1015.1563407098113,1022.450180588853,1029.7862293622147,1037.1491260293496,1044.5262193041704,1051.907528809432,1059.2855543592564,1066.6547085523957,1074.0103849719094,1081.3482702336466,1088.6638019553495,1095.9515184232503,1103.2047402546655,1110.4156829636622,1117.5756711586498,1124.6755592568522,1131.7060701272,1138.6574621733114,1145.5193417609628,1152.281443718168,1158.934177045343,1165.4681323057973,1171.8737090967434,1178.1416631569602,1184.2641341288556,1190.2351304053545,1196.0499335345269,1201.7044876544612,1207.1952547816243,1212.5185177444266,1217.669744591189,1222.6441491856206,1227.4373314063691,1232.0453202329825,1236.4648014289799,1240.6933912804952,1244.729325853069,1248.5705833640404,1252.21367137237,1255.6524320634787,1258.8775836511616,1261.8772994352212,1264.6383565643462,1267.1475951111101,1269.3933934561942,1271.3667733732254
41.33227253399991,1013.7183778551467,1018.7165775694464,1023.8968981467988,1029.2479132461142,1034.7573937153277,1040.412883335768,1046.2028791600362,1052.117598951633,1058.1490878957713,1064.2911632026467,1070.5389716319296,1076.8881721063822,1083.3343515837093,1089.8725762290837,1096.4968236701309,1103.1997366634484,1109.9727971283194,1116.8065913363941,1123.6912712078674,1130.6169231921774,1137.5732553085513,1144.5494193087998,1151.5347907409998,1158.5195040936535,1165.4939395243298,1172.448319599349,1179.3732156215574,1186.2605245822183,1193.1038931868718,1199.8980514533685,1206.638121391351,1213.319381641234,1219.9364699447267,1226.4826373903259,1232.950189304324,1239.3309964147231,1245.6163998456939,1251.7972920049936,1257.8642352636875,1263.806988434392,1269.6134593062154,1275.2683157310717,1280.7516094796254,1286.0381319936687,1291.0978048591521,1295.8966385329352,1300.398001629016,1304.5639086931178,1308.356451334411,1311.7405452296896
41.5173273370001,1007.2101196024569,1013.3351201705219,1019.6180401308054,1026.0386738955835,1032.5774814892911,1039.2166848423628,1045.9409537269098,1052.737434088515,1059.595617912786,1066.5068301125555,1073.4633450074127,1080.4577409216438,1087.48239525926,1094.5288661191012,1101.587601030406,1108.6480719906367,1115.6990077994185,1122.7288288267491,1129.7259958667432,1136.678683813499,1143.5745972726431,1150.401751029462,1157.1490126871947,1163.8056041051523,1170.3607201798532,1176.8040646524626,1183.1268640723517,1189.3223364452615,1195.385077124281,1201.3104274901996,1207.0943073089695,1212.7324926148774,1218.2199529999923,1223.5513830711823,1228.7218115387714,1233.7266112686918,1238.5616920632556,1243.2237376913756,1247.709856704367,1252.01666472291,1256.1390300032685,1260.0688356884505,1263.7944769201613,1267.3013945336493,1270.573177602187,1273.59297569322,1276.3449271306783,1278.8157262940242,1280.9970721433788,1282.8875406529837
41.7014849469997,1027.8167981074116,1032.798207248891,1037.95199075023,1043.2662933574034,1048.7299165989134,1054.3331178049432,1060.0677470381597,1065.9272205523707,1071.9061058245352,1077.999330363884,1084.2016225196883,1090.5070863966898,1096.9086567383852,1103.3978741952772,1109.9650800293225,1116.5997011444501,1123.2907304983778,1130.027114480228,1136.7974579357285,1143.5898639071393,1150.3927309678784,1157.1953054277517,1163.9871850024638,1170.7579324554342,1177.497598860638,1184.197717582802,1190.8517454722078,1197.4544138051692,1204.0010544962424,1210.4873824592921,1216.9087159691958,1223.2592489263923,1229.532509830961,1235.7218910054912,1241.8205715102715,1247.8216156714893,1253.7181089507774,1259.5027009604069,1265.1665736479074,1270.698066876377,1276.0813153148838,1281.2956154251326,1286.3158249900246,1291.1133282995966,1295.6573088427124,1299.916036935613,1303.8582966176618,1307.4556954794893,1310.684766379813,1313.5277871177238
41.885457850999956,1007.2958565535199,1013.9821197929539,1020.8442891743554,1027.8550355786767,1034.9905619813014,1042.2305977712817,1049.5582308791816,1056.9593538879299,1064.4217372932683,1071.9343389448943,1079.486752446128,1087.0685409124974,1094.668896929631,1102.2767280792366,1109.8808391455211,1117.470316194801,1125.0348241748711,1132.564228711453,1140.0483591061761,1147.4777353028744,1154.844055941511,1162.13964389994,1169.3570076071367,1176.4893175266911,1183.5313586362972,1190.4799351135557,1197.333189459751,1204.0899012791788,1210.7492462765347,1217.3099970059802,1223.769778954531,1230.1255164473396,1236.3739515969776,1242.5115594262695,1248.534640775544,1254.4394544176923,1260.2217578858167,1265.875774743495,1271.3928202361817,1276.7599389564932,1281.959273033993,1286.9684630255963,1291.7616143585108,1296.3105709163435,1300.586202947464,1304.5598333796001,1308.2055459651426,1311.5022839784149,1314.4346363653187,1316.9934012986973
42.070483904999946,1071.9709335197401,1074.3779252788247,1077.0100067806463,1079.8737985928265,1082.974891037731,1086.3180706819144,1089.9071487049353,1093.7444022871468,1097.8302363712762,1102.162967216003,1106.7384730664216,1111.5501519593945,1116.5892854340052,1121.8454788571728,1127.3072833253925,1132.9627107040287,1138.7990525209543,1144.802819862934,1150.9606272717072,1157.2598180590765,1163.6880277964967,1170.2328446606332,1176.8823664631382,1183.6262156422622,1190.4559888934436,1197.3646041465088,1204.3456105879693,1211.392942774205,1218.5001008537051,1225.6593709672834,1232.862220803722,1240.0997540296885,1247.362547231754,1254.640651507105,1261.9236206767669,1269.1999362096406,1276.455847213631,1283.673858112028,1290.8312183827059,1297.899133693484,1304.8430015240565,1311.6232051467641,1318.1962086985259,1324.515661801944,1330.533639252194,1336.202760797435,1341.4781015250762,1346.3177917505782,1350.6838673640773,1354.5445551116047
42.254082773999926,1064.3917524004485,1067.9520957709435,1071.7076923079683,1075.6602710472616,1079.8115153099034,1084.1628123679077,1088.7146201181502,1093.4660583473533,1098.4146261780636,1103.5557911425753,1108.8828899813245,1114.3874399766314,1120.0595315399557,1125.888406994011,1131.8629370682436,1137.971405762248,1144.2014206475649,1150.5407715142815,1156.978034681379,1163.5021196184657,1170.1019164469692,1176.7668440316743,1183.4878598200714,1190.257907984575,1197.071268451686,1203.9228723917233,1210.8080650885322,1217.721798078968,1224.6578644998929,1231.6093124850415,1238.5689201902353,1245.5290559374669,1252.4817054583214,1259.418528043446,1266.3303115059362,1273.2058441185552,1280.0304359279112,1286.7844435864702,1293.4425177743237,1299.9738760117239,1306.3431344139217,1312.5114407651558,1318.4376169760812,1324.0794360057962,1329.3957777955325,1334.3485741970248,1338.9034412109493,1343.0305588542913,1346.706837752721,1349.9180208565353
42.43839373799983,1067.2740172764052,1070.8538902683063,1074.6392498624828,1078.6331464893829,1082.8384286190267,1087.2571239375372,1091.8900440603009,1096.736514225711,1101.7939732592195,1107.0578837346134,1112.522050960433,1118.1790213124793,1124.0206646416266,1130.038652047861,1136.224239431746,1142.5681736345089,1149.0615437981726,1155.6963749743113,1162.465160324055,1169.3604901587314,1176.3755772010375,1183.5052388826311,1190.7463128831705,1198.0969681389493,1205.555976535981,1213.1224258488478,1220.7948554617792,1228.570428465754,1236.4452746446848,1244.414887620363,1252.473899364941,1260.6160138139255,1268.8339611811225,1277.1188427290099,1285.4588840603924,1293.837829310924,1302.2333304413742,1310.6160508528299,1318.9497863829522,1327.1921376110806,1335.2954763584478,1343.2079151051444,1350.8744052256538,1358.2387095899703,1365.2451607090784,1371.8391041486602,1377.967589168312,1383.5813475681405,1388.6371916499143,1393.1003958980277
42.622037714999806,1077.8335620579214,1081.1905313951224,1084.7590030373922,1088.5444430185823,1092.550929081111,1096.7807941712297,1101.2343942325533,1105.9097454449386,1110.8024707384654,1115.906154155285,1121.2127735638016,1126.7133164732975,1132.3982902910197,1138.2575375131291,1144.2801727670007,1150.4554644657433,1156.7734582532619,1163.2245387496991,1169.7990880285731,1176.4880403993848,1183.283894514704,1190.1811592163563,1197.1756955621772,1204.2640204623965,1211.443052699195,1218.7092830731806,1226.0579824698273,1233.4835825469681,1240.9801124864928,1248.5410151744352,1256.1591246761034,1263.8266667157704,1271.5346519928123,1279.271680444615,1287.022388841866,1294.7658958779662,1302.4749638905148,1310.1161801344795,1317.6506913376927,1325.0352341635719,1332.2231699713734,1339.1656493685884,1345.8136516133914,1352.1198094687732,1358.038918560911,1363.5286924274071,1368.5518033592125,1373.0783389530443,1377.0879832235198,1380.5713519866981
42.803672476999964,1082.9376688864875,1086.555485034039,1090.3473597980371,1094.3237586566527,1098.4932370342979,1102.8622105931072,1107.4345977830108,1112.2117739187852,1117.1929348099484,1122.375539914871,1127.7559392470885,1133.3298948677225,1139.0924069583345,1145.0376609046173,1151.1599176737298,1157.4541441936494,1163.9155797817511,1170.5393965980002,1177.3212532469088,1184.2583021037597,1191.349626342469,1198.59556867604,1205.9970168157026,1213.5551260081252,1221.2704599908013,1229.1421637677126,1237.1683025308446,1245.346249813896,1253.6724479081574,1262.1423221001119,1270.7502101654536,1279.4886767147618,1288.3472303092287,1297.3106755922015,1306.3574545185559,1315.4586958091218,1324.5782756176313,1333.6734232976894,1342.6956151516695,1351.591464920924,1360.3037370056993,1368.7732281044957,1376.9404286583683,1384.7458641031776,1392.1306782475763,1399.0385002099058,1405.4177263732035,1411.223527979007,1416.4194443592985,1420.9788089566746
42.98729391200004,1058.4973161146784,1063.9815965319758,1069.6544584805602,1075.5089728357495,1081.538355595654,1087.7354550095035,1094.0925524147804,1100.6015758412036,1107.254397201985,1114.0433179800825,1120.961454767307,1128.0024350317824,1135.1602197951734,1142.429875635353,1149.8080927491453,1157.2926450529465,1164.8819501419728,1172.575528002225,1180.3749187545463,1188.2840350547344,1196.308410758274,1204.4544104122851,1212.7288794569001,1221.1382159723655,1229.6874768502717,1238.380652177311,1247.2209903734629,1256.2106965688554,1265.3507852377174,1274.6409479933432,1284.078805624598,1293.6585617995,1303.369290216365,1313.1932088527878,1323.1046600474624,1333.070099055871,1343.048624673103,1352.9927945703614,1362.8494339350677,1372.5605633066134,1382.065191281869,1391.300883548946,1400.2040084220778,1408.7102214706647,1416.7562310651758,1424.281976812009,1431.2325321436422,1437.5595918513768,1443.2230183610945,1448.1931919465917
43.17119392599989,1076.5795380739346,1080.994810859048,1085.635207119261,1090.4997494905585,1095.5861528979167,1100.8907330303261,1106.4087226074855,1112.134665880247,1118.0629959620242,1124.1885060973186,1130.5061250415122,1137.0108130743922,1143.6984009391904,1150.5661683461406,1157.6123579448013,1164.8357825288044,1172.2363243215327,1179.8158865836263,1187.57877313117,1195.5309573382447,1203.6793051492748,1212.0312319420623,1220.5937740310626,1229.3726876365436,1238.3727090492612,1247.5978584684487,1257.0511099292632,1266.7342082679484,1276.64749395909,1286.7891048398526,1297.1535720889703,1307.7300421957862,1318.5004785422884,1329.4385613297834,1340.509588518515,1351.670911438861,1362.8726478322317,1374.0583810781293,1385.165971730415,1396.1292273424738,1406.8793424306675,1417.345009236532,1427.452762476969,1437.1286006223993,1446.3000165262406,1454.8977496706166,1462.8571219751107,1470.1194323033321,1476.6344920568747,1482.3641104017722
43.35250512199991,1074.434901137538,1079.6514876343351,1085.0567074017658,1090.648256900826,1096.4229390226315,1102.3769325564595,1108.5061431153501,1114.8067400308942,1121.2755901991675,1127.9099988929265,1134.7075738721082,1141.6670348658351,1148.7887648211338,1156.07429855636,1163.5259062968082,1171.1470706372506,1178.9434168531827,1186.9230718172257,1195.0959127506633,1203.472769982474,1212.0650631961923,1220.8838515880113,1229.93891039196,1239.2389671303122,1248.7919796959761,1258.604778314613,1268.6828519714156,1279.0301397812527,1289.6481959719147,1300.5347455167052,1311.6818618371803,1323.0741199052998,1334.6874432078337,1346.4889470019623,1358.4373113156405,1370.4834262854731,1382.5710184686548,1394.6373841838783,1406.6149758512604,1418.4327532367893,1430.0162003913426,1441.2875716848073,1452.1674097769098,1462.576468749264,1472.4373551737217,1481.6757496929924,1490.2216850066886,1498.0119635505437,1504.9937617479047,1511.128205367495
43.536301661999914,1057.568566718828,1064.5422736845526,1071.6562627020937,1078.900523013924,1086.2661808504777,1093.7457145080073,1101.3333606831504,1109.0254233695898,1116.819895516651,1124.7162098395388,1132.7159407959657,1140.82325396038,1149.0442981741523,1157.386697603399,1165.8599418261695,1174.4762333790272,1183.2507674670617,1192.2009044619306,1201.3452987093021,1210.7034624365203,1220.2947444627584,1230.1373354214375,1240.24843208876,1250.644442149176,1261.34055066468,1272.350428053919,1283.6859392898034,1295.3562222315638,1307.3661513975835,1319.714417901824,1332.391578225592,1345.3787896795297,1358.647534436047,1372.1598651066363,1385.8689140583467,1399.7193747999684,1413.6480812919149,1427.5854310674401,1441.4565641210722,1455.1811985525676,1468.6736867290215,1481.8443353494556,1494.6011233772717,1506.8511315729982,1518.5015473960548,1529.4607226164005,1539.6403686464705,1548.9589384904302,1557.3455204109484,1564.7441233605778
43.71661159599989,1065.1526023057006,1071.5112452499582,1078.07880304139,1084.84268905394,1091.7917413486732,1098.916684900441,1106.210489779247,1113.6680358090728,1121.2859004005788,1129.0630918590036,1137.001524661407,1145.10543231805,1153.380875157072,1161.8361413308294,1170.482600618223,1179.3349858380182,1188.4105625747911,1197.72825078181,1207.3081770607912,1217.1706372967349,1227.3350813014747,1237.8202519730412,1248.6443601862288,1259.8246165394728,1271.376899598656,1283.3154201608097,1295.6517492512605,1308.3932259456628,1321.540975517016,1335.087890354057,1349.0172912836554,1363.3025709645542,1377.9073521302948,1392.7859027027337,1407.8835159656749,1423.1369815521373,1438.475893082372,1453.8237044179639,1469.0974356004383,1484.2075923991501,1499.0593431089394,1513.5540869257666,1527.5907281154898,1541.0665203609865,1553.8779593930494,1565.9228098429653,1577.1033163194616,1587.329925109595,1596.5257568811849,1604.6316127619
43.90005997499975,1086.419511541808,1091.7975631014267,1097.3961305927542,1103.2109795234514,1109.2385984364469,1115.4766618507092,1121.9237963135781,1128.5794658207449,1135.444798553748,1142.5231511575041,1149.819605972251,1157.3405584216134,1165.094192772862,1173.0914058092162,1181.3461532355668,1189.8746795600462,1198.6946950849324,1207.824978898809,1217.284387657853,1227.0908819325255,1237.2617027581082,1247.8135797406417,1258.762291980911,1270.1223615929084,1281.9067394711228,1294.1258511448202,1306.7860189265916,1319.8874909606782,1333.4224297111105,1347.3735776031576,1361.7139015528242,1376.4067492157367,1391.4062590163446,1406.6577321726656,1422.098092482466,1437.6571797077713,1453.2587885112816,1468.8203539911187,1484.252847708071,1499.461927808474,1514.349477529045,1528.8148462548547,1542.7556574723499,1556.068661683327,1568.651720185358,1580.4069696997565,1591.2444942398577,1601.0867446095147,1609.8734879429257,1617.5654422548055
44.08510991000003,1084.0878520118404,1090.2202667762033,1096.5534552002966,1103.0811932511726,1109.7990601965507,1116.704158443555,1123.7949545998656,1131.0720638503415,1138.5387739659495,1146.2005044087439,1154.06435774275,1162.139561537277,1170.4383602385858,1178.9763317361635,1187.771589242613,1196.8439319717302,1206.2144233348715,1215.9043762511956,1225.934357137617,1236.3243409905028,1247.0938986703613,1258.2617373999715,1269.8453739902286,1281.860800177855,1294.3215076367828,1307.236888589864,1320.6102423434984,1334.4367400019855,1348.702064793661,1363.3820294661316,1378.4427033108886,1393.840790616061,1409.5239685119732,1425.4313097393863,1441.4945359590276,1457.6390133588416,1473.7833914331381,1489.8394486844477,1505.713188741094,1521.3063211045855,1536.5174406686904,1551.2427703710453,1565.3769451160872,1578.8149230076924,1591.4550740718735,1603.2027731346552,1613.9747375974805,1623.7038929611126,1632.3430142009868,1639.866170958031
44.26902207400008,1088.7227682128228,1095.0241610679748,1101.5384965395015,1108.258454651944,1115.1783807042837,1122.294126265108,1129.603832297264,1137.1084509710513,1144.8112018589036,1152.7171199378274,1160.833493789984,1169.1707536689744,1177.742784337796,1186.5661234656518,1195.6591092251263,1205.0414559558626,1214.733237625739,1224.75389078039,1235.1223695078727,1245.8573336343638,1256.976691255826,1268.4972752041856,1280.4345129060218,1292.8014572586942,1305.6071945025567,1318.8548594521358,1332.5396103710098,1346.6472809372171,1361.1540107571504,1376.0263869736827,1391.2218387363428,1406.6889924495104,1422.3681132605843,1438.1923783179573,1454.0888934438933,1469.9783539607295,1485.7749132591034,1501.3873024107174,1516.7203348187368,1531.6761097940257,1546.1547791295345,1560.0553544860174,1573.2776412625674,1585.7253487259875,1597.3097026142757,1607.953800461247,1617.5974919506612,1626.2010318113264,1633.7463300148718,1640.2362601069433
44.45300680199989,1115.903712581544,1121.2864712981007,1126.8458522243382,1132.5898866847083,1138.526391805275,1144.6638619709195,1151.0120993558253,1157.5817782564425,1164.3840998286898,1171.4313349245374,1178.7378141197023,1186.3203393723536,1194.1974777342614,1202.388800481365,1210.9145463377345,1219.7946884056907,1229.0480164404994,1238.6923670021145,1248.7448827562632,1259.2216221300012,1270.1372990576626,1281.5050124435509,1293.3353331597464,1305.6347647706991,1318.4038085748712,1331.6349854850137,1345.3115324355897,1359.4070750174596,1373.885809124083,1388.7029336079909,1403.805042083166,1419.1305995401062,1434.6112494900244,1450.1728634483925,1465.7352336367576,1481.2119726043406,1496.5116631541257,1511.5393926152105,1526.1979853619825,1540.3887976257254,1554.012552343391,1566.971299604221,1579.1715523085436,1590.5279230449823,1600.967502172368,1610.4347591000449,1618.895213907338,1626.3367036352347,1632.768477882304,1638.2187614921095
44.634598361999906,1109.8461243868628,1115.7067597658158,1121.8079452936668,1128.1470389317465,1134.7230721949763,1141.5373438411293,1148.5929439869344,1155.894366042049,1163.448004860319,1171.2631008232556,1179.3521048418613,1187.729925171758,1196.4131198136547,1205.4195135141053,1214.7672192604778,1224.473676134194,1234.5558362290137,1245.0303820337297,1255.9132955682414,1267.2195590534236,1278.962846750015,1291.1545757618098,1303.8023319432118,1316.9079014246684,1330.4652601789053,1344.459239198992,1358.8651668550642,1373.6490210677505,1388.7678331407476,1404.170051224498,1419.7959889093788,1435.5791044944194,1451.4470225718708,1467.3211986397973,1483.116790283168,1498.7437781554552,1514.1084706607805,1529.114706109105,1543.664616278404,1557.6594290361145,1571.0013955102215,1583.5968913790919,1595.3600182692653,1606.2169452618473,1616.1107725501981,1625.0051644767436,1632.8855764105242,1639.7583102711833,1645.647973047126,1650.5945126935644
44.81833126099991,1100.7397643394709,1107.5779513957843,1114.6776699410996,1122.0282611473986,1129.6225800364161,1137.4564482632854,1145.528194155334,1153.8390790818269,1162.3941704437968,1171.2026367487401,1180.2769260547782,1189.6318918634445,1199.2843457069282,1209.2520164845234,1219.5525285090384,1230.2035310082738,1241.222860466444,1252.6280570325032,1264.436014671376,1276.6626245513726,1289.3217792882915,1302.4237539831383,1315.9731943398297,1329.9670640387858,1344.3932686746052,1359.2302575498968,1374.4471356804868,1390.0040275673132,1405.8524004192452,1421.93547204068,1438.189448652245,1454.5445040179313,1470.9244003383342,1487.2463142164493,1503.4219107165313,1519.3587992312669,1534.9616847760399,1550.1330785261207,1564.7740451712618,1578.7860725454925,1592.0741131189982,1604.5501234147425,1616.1373414851325,1626.7750846930232,1636.422315299344,1645.0587986723783,1652.68408936298,1659.3149199235697,1664.9821906344296,1669.7289592892662
45.00233807199993,1127.0105075860222,1132.5936420085068,1138.4426583021916,1144.5628393987417,1150.9609136338206,1157.6447307848039,1164.6238209529763,1171.9103956915299,1179.5197660725387,1187.4696383102728,1195.779350445786,1204.4695288465819,1213.561144156031,1223.0745782955664,1233.0298349604698,1243.4467747350182,1254.344695832561,1265.7420399461207,1277.6560825374213,1290.1019750393575,1303.0911547788946,1316.6293527888602,1330.7145515760037,1345.335610052531,1360.4718568288017,1376.0931841345298,1392.1603838432025,1408.625433212357,1425.4318554934941,1442.5159006349238,1459.8074574252264,1477.2295975360512,1494.698314800659,1512.1235028166636,1529.410304702212,1546.4601487933394,1563.1713343320462,1579.4396450287886,1595.1600763533831,1610.229726636818,1624.5511786547825,1638.036612562802,1650.612433302902,1662.2226610159178,1672.8299104782743,1682.4141961994226,1690.9701396542828,1698.503778632019,1705.0307155808082,1710.5764205051657
45.18648421399985,1162.9100424922763,1166.4829219822598,1170.358978024243,1174.5611332986025,1179.1110409952346,1184.0298463968684,1189.3393850674681,1195.06279125422,1201.223976220477,1207.8470392817196,1214.9560897156816,1222.5744587327645,1230.723912780031,1239.4250003942298,1248.6974135950998,1258.5596847682295,1269.0289985332906,1280.1209779915625,1291.8488129397183,1304.2217460058869,1317.243147054571,1330.9085281279397,1345.2042163466995,1360.1069861947724,1375.5841836877564,1391.5940841349977,1408.086191342679,1425.001603644116,1442.2741922093417,1459.831503206323,1477.5942844932626,1495.4762003961216,1513.3847778761346,1531.222718133728,1548.8888876574836,1566.278852995889,1583.285437375146,1599.8003852727168,1615.7171853061466,1630.9343784121697,1645.3595925236411,1658.9140872421106,1671.5360574655208,1683.1815224703232,1693.8230376277975,1703.4468058439809,1712.0493893996832,1719.6357598543104,1726.219595051189,1731.8249893580078
45.367643212000075,1142.214709958912,1147.1240942688326,1152.4323583649575,1158.1413895971039,1164.2546140589077,1170.7780882627735,1177.7209976702463,1185.0950232613918,1192.913640212063,1201.19182798792,1209.945172030288,1219.1889691576628,1228.938469620565,1239.2091374049232,1250.0162502285607,1261.374619122602,1273.29828729737,1285.7995761035766,1298.8874941949348,1312.5657403227463,1326.8306520549681,1341.669817815572,1357.061653594801,1372.975476716075,1389.3718182197078,1406.202681530398,1423.411872587684,1440.9361466616444,1458.70608317692,1476.6455889587162,1494.6715931751264,1512.6949769889509,1530.6218716638612,1548.3546388235861,1565.792396824738,1582.8315710432869,1599.3675538557711,1615.2975243414335,1630.523754342643,1644.957641749517,1658.524254161138,1671.1656315338032,1682.8416739630288,1693.5288514231027,1703.217312194327,1711.9075902920733,1719.6086491962424,1726.3381705513248,1732.1241089152593,1737.005410004794
45.55124713699979,1136.9071213411094,1143.3936448858824,1150.1988448961738,1157.327167656225,1164.786429095389,1172.588219239812,1180.7471820173885,1189.280234266228,1198.2062029848187,1207.5448606836483,1217.3159706088945,1227.5394743909433,1238.23570330185,1249.424934134174,1261.1270691443353,1273.36129929899,1286.1451181654359,1299.4927020769815,1313.4128865262292,1327.9070906014833,1342.9679063875549,1358.5786542120784,1374.7134356607467,1391.3374254684497,1408.4071095112145,1425.8705936490871,1443.6687282281541,1461.7359591676434,1479.9998056676611,1498.3805274550573,1516.7920242473672,1535.1431008726781,1553.338411466101,1571.2789464575699,1588.8625399405155,1605.9854830311363,1622.5452931161665,1638.4439655456176,1653.591948607595,1667.9126249658912,1681.345548261603,1693.8472611845768,1705.3899320719358,1715.958387078109,1725.5467386323403,1734.1563479787578,1741.7960310675817,1748.4835295834705,1754.2462495575742,1759.120895489667
45.735282596999696,1161.637598435964,1166.9231727766507,1172.5729558821754,1178.6027097390645,1185.030556413585,1191.8763899254413,1199.1612222391511,1206.9069419192454,1215.1354649242364,1223.8678890211133,1233.1247841695902,1242.9264999318932,1253.2928108578758,1264.242679282778,1275.793994818797,1287.962657964984,1300.7610235836764,1314.195934341009,1328.266696092729,1342.96371231877,1358.268078681294,1374.1516698304554,1390.5774597693066,1407.4997832076367,1424.8646628575873,1442.6109476775896,1460.671173182819,1478.9710440426272,1497.429102059115,1515.95762237479,1534.4638715063809,1552.8510407762549,1571.018718999104,1588.8633821495646,1606.2799857511,1623.1647100107798,1639.4181843812207,1654.9494325118706,1669.680320898206,1683.5487600635333,1696.5094847212263,1708.5326501285674,1719.600821845889,1729.705559805368,1738.8453346959352,1747.0256861713785,1754.2606449375069,1760.5734214705901,1765.9959896393973,1770.5686395658472
45.92032987199991,1168.2032891490053,1173.4117434997183,1179.0356221822408,1185.092597417976,1191.6020716737876,1198.584558018508,1206.0614699478176,1214.0543001971841,1222.5838000673207,1231.6702916494203,1241.3339940370302,1251.59468449643,1262.4714740441866,1273.9825567122027,1286.1442999105632,1298.9696916078778,1312.4663743832598,1326.6346182725142,1341.4659494380362,1356.94273564811,1373.038260586328,1389.7170281853269,1406.935004284905,1424.639920426606,1442.7723846413528,1461.2667101913723,1480.0503623254385,1499.0435859786394,1518.16025710345,1537.3090910735523,1556.3945215859108,1575.3171137871345,1593.9739892375012,1612.2603483655641,1630.072140381431,1647.3092073107853,1663.8791431369511,1679.7016514364568,1694.7116504793903,1708.8599524471108,1722.1117542602387,1734.4435175987262,1745.839439482584,1756.2892519901918,1765.7882613084732,1774.3386489855075,1781.9500390909975,1788.6389606597645,1794.4285067273947,1799.348888724249
46.10441408099996,1216.0603612147072,1218.8423644171119,1222.0728366197209,1225.793990430522,1230.0457229532585,1234.8656629109146,1240.2886015733545,1246.3459175003838,1253.0661262447024,1260.4754351065308,1268.5976231424954,1277.4540253128062,1287.0634796668246,1297.4416047622271,1308.5994229691662,1320.541559774761,1333.264371184847,1346.7547165247129,1360.9896779802784,1375.9367593263685,1391.5543055199626,1407.7918509883589,1424.5905219897202,1441.8842384935642,1459.6006271498627,1477.6605460211904,1495.9777846246889,1514.4599825791017,1533.0099008929683,1551.5263598940546,1569.9047080746866,1588.037299983576,1605.8150692976676,1623.1302474811705,1639.8795550866914,1655.9681070278343,1671.3138154956407,1685.8505397176168,1699.528809375736,1712.3143592723475,1724.1850528499326,1735.1273958814572,1745.1343787764508,1754.2055574813355,1762.3483955409165,1769.5788706310427,1775.9209744466775,1781.4064066644303,1786.0749237678097,1789.9743385554807
46.2884827099997,1179.7104120765482,1185.84961876776,1192.424349339409,1199.455945797301,1206.966575179446,1214.9784037865559,1223.512773354109,1232.5905114910158,1242.2322574171587,1252.4581239248794,1263.287474974149,1274.7386781705743,1286.8281995129707,1299.5690561139274,1312.96885693812,1327.0277834779324,1341.7372273986375,1357.0793861466195,1373.0273485533294,1389.545411644434,1406.5893359716736,1424.1066642980506,1442.037848511249,1460.3170957432576,1478.871833768883,1497.6223586233195,1516.4827071281047,1535.3618877611918,1554.164783280711,1572.7925888002044,1591.1432628859823,1609.11307726997,1626.5993150673687,1643.5034440606896,1659.7350059125874,1675.2160045410142,1689.8840424462092,1703.6930314276342,1716.6117149337592,1728.6205793380223,1739.7083551796825,1749.8698465723953,1759.1059985536128,1767.4252247744064,1774.8439987117545,1781.3863372002656,1787.0834769572343,1791.9742048877708,1796.1047975218894,1799.527883076056
46.47236986300004,1178.3253595508677,1185.0651448449637,1192.288798776018,1200.0140746194331,1208.2593875391085,1217.042971057102,1226.3831660157612,1236.2987233533988,1246.8084418499323,1257.9309204281892,1269.6842843828852,1282.0852529960575,1295.1475642660796,1308.8799867728433,1323.284270533267,1338.3537537733725,1354.0729264665997,1370.4174824922886,1387.3546014130463,1404.8431669489191,1422.834046713767,1441.271177801352,1460.0923688931407,1479.2287186398214,1498.604212925379,1518.136543365466,1537.7382801366266,1557.3177122102031,1576.7792183617883,1596.0236462145608,1614.9497846184083,1633.456978990216,1651.4482159476343,1668.8339179118886,1685.5362307768933,1701.4920533572824,1716.6536350452786,1730.986978989693,1744.4686282498358,1757.082036222604,1768.8152599167727,1779.660886342559,1789.6172150473585,1798.6887007603598,1806.8852858864468,1814.2219246432048,1820.7187609381056,1826.4009168525602,1831.2975426305397,1835.441665350186
46.65377064099994,1207.1666451257277,1212.8305482538779,1219.020652314372,1225.7652774745065,1233.090800670379,1241.0220831543777,1249.5829079840992,1258.7957479990869,1268.6816433990953,1279.2600479498715,1290.5480110436206,1302.5587112129656,1315.2995710853909,1328.770305679349,1342.9616210884064,1357.854864587275,1373.4221582533858,1389.626757389964,1406.4233411557173,1423.7583603265837,1441.5711871632338,1459.7949784623534,1478.3561519635743,1497.1740391489825,1516.1617572178125,1535.2274337614037,1554.275097633433,1573.2050997953252,1591.914541787354,1610.298797498019,1628.2541782016772,1645.6810675106617,1662.4877671960812,1678.5948372132254,1693.9381788381397,1708.4696874896542,1722.1557126399825,1734.9739022968208,1746.9096333204402,1757.953766044711,1768.1026332891793,1777.3592865306025,1785.7340028468564,1793.24368193061,1799.9114344244595,1805.7668230273862,1810.8457124810125,1815.1893784583503,1818.8441279510957,1821.8613752639408
46.83704088800005,1222.7222392698463,1227.9843487282983,1233.8419213970262,1240.3237999556775,1247.4565615001382,1255.2650330727756,1263.7721335331942,1272.9988207831143,1282.96400332684,1293.6837833990785,1305.1700473065844,1317.4286330556913,1330.457427284134,1344.2451086880164,1358.770839145009,1374.0044348132676,1389.9067586926626,1406.4300422653782,1423.5182613614165,1441.1083114480516,1459.1308936492592,1477.5100118952832,1496.1626444656897,1514.999632931174,1533.9269222363123,1552.8464656282838,1571.6566584129187,1590.2527783801906,1608.5285187522807,1626.3786637925423,1643.7022338767486,1660.4063411217403,1676.410539033184,1691.649915188716,1706.0757536235149,1719.654004396319,1732.36213787499,1744.1855850416446,1755.1155023022814,1765.148770882536,1774.2892535500819,1782.5483122253095,1789.944215702071,1796.5017386292227,1802.2524130755626,1807.2343886320707,1811.4915508913093,1815.073150688023,1818.03376643095,1820.4320844435188
47.02095112300003,1165.715503704257,1175.767454393298,1186.4114020455127,1197.6411484654955,1209.453740659416,1221.8489346146998,1234.828772819208,1248.3971366633648,1262.558642725171,1277.3168999921386,1292.6723591711877,1308.6201068861267,1325.148322466439,1342.2376988010176,1359.8613595950883,1377.9850143868948,1396.56705864593,1415.558743659714,1434.9051608469292,1454.5459511380714,1474.4146390730232,1494.438154058628,1514.5375809168931,1534.6292725509484,1554.6256374911725,1574.4354653445132,1593.9642670259768,1613.1157146675534,1631.794230399639,1649.9080498863118,1667.3730008209034,1684.1167789938122,1700.0819701451924,1715.2266435188665,1729.522753904348,1742.9529290808887,1755.5068434106427,1767.178915591384,1777.9682402605895,1787.8797758924495,1796.9247923476744,1805.120207199658,1812.488111999566,1819.0559499314338,1824.8563010630555,1829.9259254146134,1834.3053167483145,1838.0385900723595,1841.1723506397739,1843.7544664008662
47.20604750599978,1249.9591266568577,1254.9459804428666,1260.638755798392,1267.0684711450824,1274.263013227038,1282.2472117773202,1291.0428724409314,1300.6681348218872,1311.1361710272488,1322.4534545865233,1334.6179516410707,1347.6179515311642,1361.4318379703911,1376.0283331192313,1391.366956113083,1407.3984037600421,1424.0649786756794,1441.3018101935481,1459.0377795102731,1477.1950496271147,1495.688763518364,1514.4279537010711,1533.3167971172877,1552.2555292006828,1571.1408812721818,1589.8665192656458,1608.3245697908753,1626.408283821853,1644.015164957218,1661.0508034908523,1677.4331998957377,1693.0958268794927,1707.9882568238568,1722.0745922372944,1735.330276920126,1747.7384893152885,1759.2878567194816,1769.9724006472632,1779.7927363253007,1788.7565301458742,1796.877844604917,1804.1766722204397,1810.6791201464432,1816.4172018821546,1821.4278864219461,1825.7526578013906,1829.4374080131543,1832.5313109813176,1835.08547785173,1837.1523845479614
47.39029000299979,1245.6524351880282,1252.2451662415485,1259.521729099518,1267.509851068455,1276.2349037319354,1285.7198623636714,1295.9845953179724,1307.0444986653415,1318.9087057944794,1331.5782236721525,1345.0447126448123,1359.290210692425,1374.287334136372,1389.999696020312,1406.3822495205804,1423.3816812759962,1440.9375995832916,1458.98342851257,1477.4459080913748,1496.244763568436,1515.2935865091054,1534.5010612106717,1553.7718498885574,1573.0070003620194,1592.1043538318183,1610.9600383588795,1629.4710979467359,1647.5385838058194,1665.071348687963,1681.9903275676072,1698.2315535279956,1713.746735395041,1728.501634513244,1742.4728181677278,1755.6439909745561,1768.0036428129297,1779.5449235461635,1790.2667675246557,1800.1742717841203,1809.277957623694,1817.593217301541,1825.1404078950106,1831.9445491553624,1838.0342762392206,1843.4413009242858,1848.2002050592678,1852.3472148461333,1855.9187572642065,1858.951022287055,1861.4803539159373
47.57405134800001,1235.8951915917426,1244.042214714198,1252.8875013704637,1262.4524542754687,1272.7574346506317,1283.8209739613126,1295.6583326809962,1308.279635930792,1321.6879377016865,1335.877930454936,1350.8356008247572,1366.5383631475765,1382.955411674204,1400.0479983802686,1417.7697607510174,1436.0678439064588,1454.8837274806745,1474.152656709092,1493.803239992045,1513.758254902379,1533.9357953061926,1554.250072200781,1574.6117311309788,1594.928162896348,1615.104892273982,1635.04809378028,1654.6675601848833,1673.880363825335,1692.6149931956581,1710.8142129126818,1728.435472910564,1745.4491036423601,1761.8348742694848,1777.5781147471782,1792.6671400927703,1807.092886943499,1820.8497854243074,1833.9358704555368,1846.3517626145685,1858.0998209559775,1869.1839307676644,1879.6088843140099,1889.3790069881732,1898.4972843692274,1906.9648162006354,1914.7792485638934,1921.9329886731355,1928.412429529938,1934.19894333277,1939.273074354332
47.75542181699984,1261.8448802515657,1269.7439054001813,1278.3668157065438,1287.7394195083555,1297.8842212835327,1308.8190665677105,1320.5553625483617,1333.0962257996587,1346.435273830881,1360.5563611629375,1375.4337917530822,1391.032748817967,1407.3096492547959,1424.2125474045524,1441.6823329674878,1459.6536339981799,1478.0543250096755,1496.80520308593,1515.8208746491869,1535.0109862709683,1554.2811128835112,1573.533167031015,1592.6658066685802,1611.5759270377896,1630.1612864461615,1648.3235924576575,1665.9722893166945,1683.0288298217026,1699.429680452144,1715.1268862442232,1730.0864327701331,1744.2849826944494,1757.7061882098574,1770.3383179178556,1782.1741084071637,1793.211863544608,1803.4558054311958,1812.915306767631,1821.6043064492603,1829.5413705453143,1836.7493556285508,1843.254325504913,1849.0849751527014,1854.2723858610584,1858.848760446983,1862.8459401863709,1866.294927484406,1869.2271695143934,1871.678109190082,1873.6896263138933
47.93898404099991,1273.0195609986843,1282.0380921693331,1291.730850418018,1302.12671830825,1313.2495530569463,1325.1163836017042,1337.7355406677154,1351.1054359873738,1365.2142909048848,1380.0403457423688,1395.5522905733715,1411.7096242390032,1428.4630660257324,1445.755764529267,1463.5242143845592,1481.6977806816346,1500.1983937928644,1518.941457119426,1537.8371010397173,1556.7910963416782,1575.7052907324273,1594.4780459136916,1613.0057607566252,1631.1855304292371,1648.918268028024,1666.112529596029,1682.6888258151864,1698.582669257279,1713.745183774021,1728.141513467386,1741.7476087969123,1754.5465912018012,1766.5264348669773,1777.6798759324565,1788.0055721853782,1797.5085171846636,1806.199338526853,1814.0937819986277,1821.2128436514984,1827.582506594165,1833.2327333237392,1838.1969671123206,1842.5119660741161,1846.216618348986,1849.350539508534,1851.9536755872878,1854.0676662444514,1855.7394735894131,1857.0236323434872,1857.9794650064352
48.11958802299978,1275.3041990640945,1285.2467544058895,1295.9192815592428,1307.3397231896347,1319.519767516669,1332.462951070119,1346.1634091281774,1360.6055745154881,1375.7643565348328,1391.6055410306012,1408.0861187291453,1425.1546665453861,1442.7525266137682,1460.814693923353,1479.2693125453832,1498.0373433191037,1517.033445617908,1536.1672065695534,1555.344031082445,1574.465556322779,1593.4300681659267,1612.1340051761058,1630.4745999754691,1648.3529845513508,1665.6780003719218,1682.370496578536,1698.3663651132833,1713.6171393314928,1728.0883935056609,1741.7565207400692,1754.6050906344456,1766.622525285175,1777.802003882169,1788.1426188994917,1797.6497877888407,1806.334549844293,1814.2130499446366,1821.3066711706658,1827.6417730559642,1833.2486862564613,1838.1612171202858,1842.4164857488724,1846.053745951393,1849.1129881648928,1851.6345487085669,1853.660479842644,1855.2381861286183,1856.422682724741,1857.2737613695128,1857.8513000599658
48.30321912599993,1278.033372896992,1289.5693089235863,1301.7972507631,1314.7290385059891,1328.3688763625787,1342.7120134596043,1357.7443780770864,1373.4426969992476,1389.7748408418952,1406.7001023355967,1424.1695320632916,1442.1270761993776,1460.5104269029182,1479.2504851138947,1498.2709983700772,1517.4894160126892,1536.8180948977854,1556.1651687080914,1575.4349442545697,1594.5283020392642,1613.344186386989,1631.7822347673775,1649.7458726245604,1667.1461143625152,1683.9058535424251,1699.9628909497242,1715.2705268915768,1729.7959549548136,1743.5170345802292,1756.4186436418956,1768.490349484455,1779.7263085555844,1790.1264175259091,1799.6967197152053,1808.44869641908,1816.3987447847494,1823.5683041926347,1829.983587879231,1835.6745705816272,1840.6744856990724,1845.0196555958457,1848.7483035009154,1851.8991481510122,1854.511004641359,1856.6241460726822,1858.2839316324907,1859.5430569096682,1860.4587123848905,1861.087886318792,1861.4849449836659
48.488174141999934,1243.8318193622492,1260.0175146066538,1276.7641066253752,1294.060363532724,1311.8896212126601,1330.2290795259817,1349.0495992535955,1368.3157414614575,1387.9857568238674,1408.0116497235995,1428.3400617849786,1448.9128854159972,1469.6665068697637,1490.5312410640954,1511.4320000288883,1532.2893274987036,1553.0201120621953,1573.5378415067835,1593.7528748259972,1613.573816352854,1632.9100407684641,1651.674694413448,1669.7884126528845,1687.1835354548498,1703.8070689527863,1719.6212184807998,1734.6017294622482,1748.7346126853668,1762.012454364893,1774.4320486898073,1785.9942622823778,1796.705152793224,1806.576344831379,1815.6242922544548,1823.8697279520516,1831.337762619977,1838.0575888605213,1844.0614410504804,1849.3840641977233,1854.0625152026307,1858.1349448412575,1861.639161550217,1864.6122004856645,1867.0916525307696,1869.119259055997,1870.7431284811526,1872.0148609182816,1872.984817543671,1873.6997665505462,1874.2026869925423
48.67200576000005,1265.2314405809936,1280.4848482840198,1296.4276068632996,1313.0382729980818,1330.2890418936286,1348.1456572967304,1366.5675519092665,1385.507926205653,1404.9138909433982,1424.727418486887,1444.8860139704975,1465.3220062410423,1485.962021222388,1506.727679945813,1527.5366541037724,1548.3033918424665,1568.9393766969804,1589.353396362189,1609.4529059485378,1629.1465346178925,1648.3470611343087,1666.9750981506738,1684.9632674268423,1702.2591137534814,1718.8255830468372,1734.6393009474405,1749.6872283908174,1763.9628944708775,1777.4639442116886,1790.191910589451,1802.1532329548625,1813.3595249978046,1823.8267212490962,1833.5744032588361,1842.6257670027048,1851.0071879641737,1858.7470345180477,1865.8749831037833,1872.4216589700127,1878.417251283906,1883.8899042886562,1888.8651087267008,1893.3668491061842,1897.4210136924041,1901.0574245416874,1904.306775333403,1907.195715350317,1909.7443134033806,1911.9661771480908,1913.8707166332727
48.85587321100002,1236.2771064373076,1255.95195682573,1276.2051428203056,1296.9856911006357,1318.2395928238902,1339.9096180983672,1361.9350809866187,1384.251681884831,1406.7921736983521,1429.4867639092574,1452.2621533421213,1475.0407749582791,1497.74127545415,1520.279372919575,1542.5684035561512,1564.5194205485216,1586.0413218921904,1607.0420918733514,1627.4312050913452,1647.1225185143473,1666.0378913148188,1684.1113145834813,1701.2917985827169,1717.543842879037,1732.8457255523074,1747.1861878054374,1760.5607141408427,1772.9691455523557,1784.4155348902918,1794.9092663426652,1804.4654419364622,1813.104163775545,1820.850012825401,1827.7321854031352,1833.7842433498765,1839.0431279468344,1843.5486903887086,1847.3435617920707,1850.4720105795645,1852.9785878002574,1854.9077832882574,1856.3054467055988,1857.2224785791498,1857.717146611292,1857.8523126907066,1857.6908063060393,1857.2931751663893,1856.7180851122296,1856.0240267914867,1855.2694009289708
49.03747315800001,1280.0583403001756,1298.1866850340186,1316.9242782780414,1336.22487303605,1356.037150816272,1376.3046672353325,1396.9658662270745,1417.9549088753938,1439.2022287054012,1460.6337141015872,1482.1700811556939,1503.7274797888874,1525.2184665574,1546.5526573674924,1567.636923480543,1588.3756079518314,1608.6718475816463,1628.4300496873861,1647.5588496327684,1665.9747893268623,1683.606499272517,1700.3976323150323,1716.3073749249443,1731.308772706812,1745.3854469480082,1758.5279028568743,1770.7311674117152,1781.9946664382721,1792.3233633034442,1801.7281625567286,1810.2252076445268,1817.8353738954972,1824.5844183012625,1830.5027424121663,1835.6244187272032,1839.98673368389,1843.6300704907649,1846.5967798802578,1848.929839549804,1850.6725253702357,1851.86984855245,1852.5722639937717,1852.838005160598,1852.7303309740676,1852.312920403774,1851.6476455357235,1850.7949951184464,1849.8158059382552,1848.7712810827597,1847.7198078721099
49.22124415300004,1279.5938973693403,1300.0714626599197,1321.0390922254903,1342.4400707053562,1364.213966664309,1386.2964998737277,1408.6202307810895,1431.114984260914,1453.7069084701225,1476.3177321725973,1498.8652633588324,1521.2642624810444,1543.4270033806717,1565.2633850892391,1586.6810714039298,1607.5867430396868,1627.888511362246,1647.4988193129668,1666.3380693978133,1684.3387609698102,1701.4483846004077,1717.6298990172038,1732.8600269461192,1747.1259463241033,1760.4215771924041,1772.74520186352,1784.099327664083,1794.491814340664,1803.9362691751508,1812.4513386670371,1820.0601977308127,1826.7906977011553,1832.6751292527654,1837.7492504200293,1842.051832647273,1845.6245479560714,1848.5108451696476,1850.7546158426335,1852.3998728732506,1853.4921959039375,1854.0824486632166,1854.2291235523342,1853.9955989051082,1853.4455446015486,1852.640706789881,1851.6413437211838,1850.507970058726,1849.3013887418647,1848.079505850824,1846.893996123516
49.40514770499976,1297.146501654118,1317.6463715198731,1338.6733095130187,1360.1581545315103,1382.0282415437605,1404.2081182122329,1426.6199886877084,1449.182786138261,1471.8114380827624,1494.4173680225392,1516.9093673212049,1539.1941510008492,1561.176461188539,1582.7591956295948,1603.844646547508,1624.336899296842,1644.1447168270602,1663.1851502031948,1681.3876577542565,1698.6969809559953,1715.0736028079207,1730.4920252980912,1744.9374426518602,1758.4020108810764,1770.8824514113492,1782.3798982537478,1792.9010109531755,1802.4583564879117,1811.069689089407,1818.757429027403,1825.5488017361833,1831.4755934590855,1836.5731736547568,1840.8800371428822,1844.4376891120166,1847.2895209552657,1849.4794775975593,1851.0517392968243,1852.0521720199965,1852.532051530935,1852.5504164669499,1852.1713357938268,1851.4593262688634,1850.4771506020443,1849.2862682405278,1847.9485960437014,1846.52655781668,1845.0799180179074,1843.662426628937,1842.3204863995193
49.588951264000116,1340.1602268325796,1359.8792663186484,1380.025636969882,1400.5434099820995,1421.3720301741369,1442.4468843154968,1463.698498170163,1485.0519250999357,1506.4273686417428,1527.7411720656992,1548.9064877636292,1569.833489497446,1590.4296043227191,1610.6008489595413,1630.254319633118,1649.3011610529086,1667.6602544935192,1685.262407324109,1702.0532919201846,1717.9939595898488,1733.0591660192501,1747.2340848785634,1760.5106100796454,1772.884984463365,1784.357664406082,1794.9344426210307,1804.6268323913882,1813.4513422842776,1821.4289424885806,1828.5851842682926,1834.9499288437362,1840.5563361003833,1845.4403662828265,1849.6406180030124,1853.1971507653564,1856.1500929440954,1858.5392585064671,1860.4055269390728,1861.7944919220683,1862.758734493128,1863.3550066209186,1863.6395614194535,1863.6658613750396,1863.4849372803608,1863.147056008399,1862.7016770640535,1862.1941943122051,1861.6624910750375,1861.1358047314768,1860.635503817011
49.77060614999982,1332.5676442064087,1353.90923743777,1375.7165991271704,1397.9045074792923,1420.3859783637818,1443.0713375259088,1465.8674798736558,1488.6783601321713,1511.4058495599352,1533.9502730871234,1556.2104912517823,1578.0840049429949,1599.4681687766292,1620.2625630509413,1640.3718507584247,1659.7093603182602,1678.2011769812032,1695.7889913595184,1712.4305311554758,1728.097812965668,1742.773791113654,1756.4486042587052,1769.1171577667455,1780.7789514976312,1791.4391754100875,1801.1090763109107,1809.8052248543083,1817.5489839592865,1824.366640130974,1830.2891539612785,1835.3511801395443,1839.5906100275022,1843.048459987313,1845.7677534841755,1847.7921976722137,1849.165877479596,1849.9347213152719,1850.1502435425077,1849.8719189892995,1849.1644748624594,1848.0933356533662,1846.7224516632893,1845.1147829879872,1843.334096117343,1841.4450519772784,1839.5100805565564,1837.5860688974958,1835.72335699977,1833.9662840480762,1832.3534456564664
49.95433591899973,1366.9202806803023,1388.5691970059604,1410.5678856911738,1432.8316420715491,1455.2719000596746,1477.7955115410764,1500.3052597268224,1522.7007411600523,1544.8789308442322,1566.7342950780826,1588.1589303151372,1609.0438142788396,1629.2812197791518,1648.7676182956263,1667.4073146658002,1685.1165965868727,1701.8266482161669,1717.484054848113,1732.0491365145315,1745.4926884887075,1757.792330519884,1768.930203905423,1778.892927208724,1787.6728342002195,1795.2684985342776,1801.6841754510328,1806.9294628364974,1811.0196442583128,1813.9756713321733,1815.823436757711,1816.5935919932501,1816.3217335568352,1815.0476066316296,1812.8141271713778,1809.6674458094571,1805.6588077500428,1800.8487135770406,1795.3097357391584,1789.1242752253397,1782.3804927841998,1775.1706436562795,1767.5920855300283,1759.7496142319999,1751.7561027683569,1743.7299350355074,1735.7922564886028,1728.0665311097468,1720.6796411104422,1713.7611032913856,1707.4363680715342
50.13803852199999,1446.6300988543385,1463.750186160668,1481.2102113332946,1498.9605894189613,1516.9426683521378,1535.0896749893222,1553.3280162480542,1571.578246979979,1589.7555666616488,1607.7703210197665,1625.529592885113,1642.9399310155388,1659.910542447058,1676.3571883766015,1692.2065660929927,1707.3994251700358,1721.8912439261553,1735.6507031036638,1748.6565339181739,1760.8939415256102,1772.3523422757746,1783.0253248562854,1792.9118582303017,1802.016750236819,1810.34998653121,1817.9262516268334,1824.7650941309255,1830.8906930670216,1836.33087623776,1841.1166443104091,1845.2820244469328,1848.8629021397494,1851.8956326114183,1854.416655458193,1856.463867344291,1858.080258604316,1859.316169772546,1860.2264542006646,1860.8657832037425,1861.2863252831514,1861.538072268771,1861.6704706345324,1861.732338023052,1861.7685614559218,1861.816605483924,1861.9053264591332,1862.0553371466085,1862.2775043933996,1862.5676970956576,1862.904699699079
50.32299227800013,1364.3435352048405,1388.9133849565455,1413.669779984187,1438.5047754679024,1463.3102104540064,1487.97837633606,1512.4023697427226,1536.4759951036233,1560.0936955800662,1583.1515986624017,1605.549726672248,1627.194698767059,1648.003165077638,1667.9057557561757,1686.8497930864285,1704.7995923150072,1721.7345875656151,1737.6458591845635,1752.5322625841118,1766.3978958227103,1779.2518147744474,1791.1090174429914,1801.990699866913,1811.9234118191764,1820.9384125525705,1829.0716871581271,1836.3635789008551,1842.8576869708463,1848.6002818408824,1853.6400605969757,1858.0268894935773,1861.8103337373996,1865.0391968889635,1867.7628234689719,1870.0346694852967,1871.9144958422924,1873.4654698278205,1874.7494102483054,1875.8244069934208,1876.7450872136753,1877.564185819404,1878.3323999105035,1879.0950233118547,1879.888389297604,1880.7386176516302,1881.6619103897651,1882.6629791180874,1883.729721679765,1884.8313532712612,1885.925635995226
50.50361157999987,1422.453577970447,1444.5977538073826,1466.8802739398463,1489.2079097121907,1511.4852538117639,1533.6153020292968,1555.4995767544888,1577.0382699667293,1598.1314912982887,1618.6816708664537,1638.596443094459,1657.79225192043,1676.1984600699916,1693.7602105558221,1710.4388661735802,1726.210263551413,1741.0613583688396,1754.9864621392264,1767.9848081718699,1780.0603559822005,1791.222856151732,1801.488178552838,1810.8775326236962,1819.4168804353824,1827.1370036100202,1834.0731799424843,1840.2641196435031,1845.7514138625659,1850.5793183082433,1854.793519649651,1858.4396851131635,1861.5630180496007,1864.2095734191853,1866.4298382428433,1868.2809322857076,1869.8237144428008,1871.1180306415556,1872.2203342564017,1873.183951401332,1874.0606489605404,1874.9004850870526,1875.74843843412,1876.6408442619506,1877.6041335966079,1878.6551197668152,1879.7994152645977,1881.0260965261093,1882.305821730598,1883.5981149256543,1884.8602488787697
50.68715966699983,1400.4154002920268,1426.1860915249529,1451.9242807835765,1477.5131354638106,1502.8376830825978,1527.7846289623856,1552.2422040999706,1576.1011301827618,1599.2567525696154,1621.611668337903,1643.0790904639173,1663.5867312898756,1683.0794537504473,1701.5195162907874,1718.884648068231,1735.1645309787868,1750.3568887349534,1764.4649203652675,1777.4969870942684,1789.4675742427169,1800.3975306603245,1810.3132139420136,1819.2458417121168,1827.2315095615613,1834.3108310061536,1840.5278488934316,1845.9294704235579,1850.5652481086915,1854.4861538624302,1857.7431461425917,1860.386752432339,1862.4684205157344,1864.0441431016297,1865.1767105603367,1865.9328767308205,1866.378673085231,1866.5771016970652,1866.588478802742,1866.472086206646,1866.2861096084343,1866.0843594174191,1865.9128014397722,1865.8083927931777,1865.7994664784178,1865.9042465745733,1866.1256105829275,1866.449302845178,1866.8513110617187,1867.306634348145,1867.792152465209
50.87096775000009,1470.059756452517,1492.7880485749026,1515.4118137380442,1537.835667057345,1559.9623890871974,1581.6930415473523,1602.9281928954301,1623.570303362551,1643.5265956302735,1662.712651545881,1681.0565175901813,1698.501567341117,1715.006946824439,1730.5458394722402,1745.1021275099006,1758.6666504106001,1771.2347983170107,1782.806350018915,1793.3865778427003,1802.9866227530804,1811.6227687649066,1819.3159178424307,1826.0917267981538,1831.9803625090826,1837.0155258391503,1841.2339973954156,1844.6755283950083,1847.381724767037,1849.3947253152298,1850.75689708845,1851.5123022266391,1851.7104415863976,1851.4086305890307,1850.6692928442544,1849.5554073374274,1848.1283400214197,1846.4483318791385,1844.5763008515842,1842.573936710222,1840.5005842797414,1838.4099420649436,1836.3490711161332,1834.3589568384477,1832.473204767985,1830.7129856598544,1829.0854323809895,1827.5911989310425,1826.2334080405108,1825.0202027559956,1823.962255867726
51.05594877199974,1445.0052790538841,1470.320979929609,1495.4951924772083,1520.3984654949456,1544.9035484253423,1568.8863611322956,1592.2281231680533,1614.8179710025054,1636.556305590438,1657.35865467722,1677.1582995032127,1695.9064929682977,1713.5705069223768,1730.130086143375,1745.5735101989073,1759.895001483452,1773.094389265402,1785.1780522161314,1796.1591427242736,1806.0567219976008,1814.8951069500708,1822.7038901349267,1829.5175887308735,1835.3745726105558,1840.316524220555,1844.388253121506,1847.6365128621728,1850.108620547973,1851.8521017771393,1852.9161147348973,1853.3551582741711,1853.231418955409,1852.6120421372354,1851.5645624557826,1850.154724097358,1848.446962509137,1846.5062045376285,1844.397965685384,1842.1852395206809,1839.9252059393832,1837.6682527750343,1835.458553139652,1833.3327792093116,1831.31506750363,1829.415437867079,1827.6373761998111,1825.9868071187052,1824.4746716951486,1823.1144522891304,1821.9185732571457
51.23655469899995,1524.594665080369,1545.3460670241782,1565.959252935293,1586.3282076615337,1606.3458604540974,1625.906596448922,1644.909240456818,1663.260754201919,1680.8804304956006,1697.702833383268,1713.678310962256,1728.7713184042682,1742.957128814897,1756.2181333753235,1768.5414694610693,1779.9188871072542,1790.3478769391818,1799.8320636109975,1808.3804945700092,1816.0071260193745,1822.7309682608723,1828.575847378366,1833.5694342658744,1837.7427947147764,1841.1302843952947,1843.7684373854631,1845.6946495727736,1846.9468805450433,1847.565128676952,1847.5951851241934,1847.0910225439018,1846.11210443746,1844.7188512123641,1842.970494077491,1840.9255890736702,1838.6438488309147,1836.186271285734,1833.6120608746448,1830.9753693199305,1828.324350853066,1825.701774537134,1823.1437746075228,1820.674854008341,1818.3063433805255,1816.0440255135297,1813.897151318004,1811.881062251278,1810.014760905146,1808.3172481623812,1806.8050155472706
51.420000057999914,1489.048695479749,1512.6284602332703,1536.0728754392749,1559.232503384667,1581.964012762074,1604.1328732620311,1625.616760744872,1646.3094595816412,1666.1235139267972,1684.9904569963753,1702.858857937193,1719.6907656746685,1735.4577526677388,1750.1382985021771,1763.717424704881,1776.1876047103876,1787.5489536555056,1797.8083282936684,1806.978639235437,1815.078837907766,1822.1335352967994,1828.1719034901764,1833.2271136666004,1837.336134233993,1840.5385375789663,1842.875116514654,1844.3875337652096,1845.1197588812763,1845.121797957253,1844.4520716023987,1843.1747266720859,1841.3551174438926,1839.0576869185004,1836.346520089164,1833.2872262866745,1829.947129318933,1826.3922603723681,1822.6841802021577,1818.8791248207588,1815.0287166558046,1811.1788213437226,1807.3646645117637,1803.6094098980564,1799.9319078231479,1796.355838968964,1792.9124671810423,1789.6383416613132,1786.5717654773698,1783.7500817107407,1781.2074150013168
51.601479285000096,1573.339349607501,1591.2900022549622,1609.1859862655272,1626.9010625805918,1644.3131560441122,1661.3082245152161,1677.7846012982022,1693.6560618654132,1708.8524435061909,1723.318057355396,1737.0084723292055,1749.8868742752138,1761.9217408535767,1773.0867442948781,1783.3619068797384,1792.7340148556234,1801.1959222250457,1808.7460478363928,1815.3885294580825,1821.132993234991,1825.9935909079,1829.9885598250057,1833.1401308320412,1835.4734338815215,1837.0152038082617,1837.7935109426899,1837.839272254274,1837.1900496510805,1835.8924920929994,1833.9997081742908,1831.566805947374,1828.6488316872417,1825.3013803864,1821.5825359547327,1817.5531206268915,1813.2737492385556,1808.801715497718,1804.1902049590797,1799.4890770646252,1794.7437966959226,1789.990629750623,1785.2553041262358,1780.5608450244822,1775.9368092906923,1771.4221321133211,1767.062925902383,1762.909047557907,1759.0114845608114,1755.4198898341945,1752.179247964672
51.785139268999956,1615.80416725404,1630.9973335144227,1646.1569966897077,1661.1657468254514,1675.9124168586607,1690.2966474622074,1704.2321619069328,1717.6475794439568,1730.4850066565414,1742.6969864137031,1754.2430079291025,1765.0873187151713,1775.1989509141158,1784.5529872368038,1793.131072649544,1800.9208036958278,1807.9152993563832,1814.11341761166,1819.5195765935678,1824.1428331937148,1827.9964746375433,1831.0979485812177,1833.4677820291324,1835.1282919614882,1836.103312769468,1836.4196965995638,1836.1110936258162,1835.2203692847388,1833.7969454919555,1831.8923029642754,1829.5578766897063,1826.845617673201,1823.809879269195,1820.5076079434602,1816.99533447378,1813.325993077415,1809.5480635547315,1805.706279219033,1801.8404814973076,1797.980736192619,1794.1459133156047,1790.3514399762705,1786.6184516893961,1782.9765561260456,1779.4615499136353,1776.111905563177,1772.9660799150513,1770.0599751090836,1767.4237499678175,1765.0796511880922
51.96894562599982,1675.797834096281,1687.265136354635,1698.7061010243985,1710.0248466160792,1721.132816696002,1731.952371624802,1742.4179049187505,1752.4747228694464,1762.0762665060286,1771.18087909451,1779.7498598691034,1787.7477165720984,1795.1436422958286,1801.9122231759338,1808.0330093592813,1813.4902537951277,1818.27328375096,1822.3764647536432,1825.7984106990516,1828.541696564351,1830.612900241194,1832.0216247744652,1832.779304897775,1832.899023970338,1832.3970984203308,1831.2969377051386,1829.6315377951653,1827.4408961449894,1824.7675861860798,1821.6547242529264,1818.1466028918803,1814.2906496307485,1810.1376917574796,1805.739023755345,1801.1433054456859,1796.395786408817,1791.5390998451214,1786.612207056189,1781.6456077270298,1776.6600179939776,1771.6742257447388,1766.7143483282182,1761.8167063904807,1757.02565397289,1752.3901813241825,1747.9613410200564,1743.7898274166655,1739.9229061550757,1736.4020144897904,1733.2614506592784
52.152973519999705,1706.2102877481086,1716.4258381711732,1726.5326872645867,1736.4509722903733,1746.1102176646275,1755.450561150961,1764.4217406579055,1772.980420187553,1781.0870577148546,1788.704055389356,1795.796104435643,1802.331750139631,1808.284183448831,1813.6308916660582,1818.3534729106666,1822.4380794362623,1825.8754497480318,1828.6601835537138,1830.790516315233,1832.2684202881112,1833.0986837323817,1833.2877726100483,1832.8437013170144,1831.7776700121947,1830.107977021145,1827.8625647922233,1825.0764878399216,1821.7875411750792,1818.0342825890514,1813.8567231810366,1809.2983456260795,1804.4064311257919,1799.2291920516,1793.8127386569417,1788.200375711227,1782.4334724503383,1776.550487200095,1770.582261967038,1764.550789023823,1758.4771588998842,1752.390914832535,1746.3330271771645,1740.3538275906812,1734.5097190045824,1728.8607114227461,1723.4681128788498,1718.3915714358573,1713.6867880126629,1709.4040219442434,1705.5858100012617
52.33780724500002,1796.220308641768,1800.475478958802,1804.6420282636057,1808.6883900087962,1812.587290132526,1816.3152520952679,1819.8504254612753,1823.1699383005496,1826.24851179111,1829.0592478327071,1831.575613897881,1833.7726308502388,1835.6268957352781,1837.116744031169,1838.2230165147776,1838.9293909732075,1839.2219332728523,1839.0891251940122,1838.5221966966878,1837.5144151937563,1836.0601371315695,1834.1548494839321,1831.7969598355937,1828.991844685548,1825.754515626441,1822.1071930257144,1818.0750269006778,1813.6841995387438,1808.9626854192184,1803.9423290769166,1798.6592229614605,1793.1508833774021,1787.4532539156505,1781.6000332177668,1775.6235714078869,1769.553917436987,1763.4141334679603,1757.2190791065786,1750.983375608585,1744.7307757778183,1738.4971536523603,1732.328454328336,1726.2774204089403,1720.401145519216,1714.7587845596047,1709.4086168498832,1704.4057821469632,1699.8008115685827,1695.6373221126023,1691.9492868956424
52.52196424399972,1865.4319097734099,1864.8597327410246,1864.2627896962958,1863.6423429111894,1862.9983002991362,1862.3274614014429,1861.6212737696396,1860.8648363778866,1860.0380595326044,1859.1180045270178,1858.0804081236092,1856.9000235214348,1855.5510822146932,1854.008342054696,1852.2476821125247,1850.2458994054543,1847.980965605981,1845.4325722467522,1842.5816179609767,1839.4094441176358,1835.8980475942703,1832.032030560731,1827.802798145965,1823.2113649155924,1818.2660610731398,1812.9783793671056,1807.3611985354673,1801.4296601030856,1795.2033603987554,1788.7068410288061,1781.9668770213393,1775.009593115998,1767.859906030235,1760.5425379407513,1753.0811842326095,1745.4939523452435,1737.7922751030235,1729.9890091134403,1722.1079442589162,1714.1869385361765,1706.2760185826537,1698.4342621868127,1690.7275128377448,1683.2262553929677,1676.0028481981508,1669.12943058528,1662.6766264696423,1656.7114111532032,1651.2940828064154,1646.4750965097278
52.70586566499969,1862.2506860235762,1862.1456261453122,1861.9786128275032,1861.7506263738699,1861.4596945065393,1861.0986101650835,1860.6538996775726,1860.1069506478486,1859.4363226760306,1858.6192458597786,1857.631938595743,1856.450048950369,1855.0496847774857,1853.4079930496182,1851.502943341813,1849.3135734700236,1846.820525689284,1844.0055268929486,1840.8506190846006,1837.3383687889525,1833.4538152104033,1829.1886679586464,1824.544115228621,1819.5285333193858,1814.1533384578725,1808.431216754623,1802.3770091137562,1796.0099129813736,1789.3539841966867,1782.4354381963778,1775.279781091452,1767.9112684986842,1760.3539374218587,1752.630794295655,1744.7592760839261,1736.7501878827784,1728.6158276724907,1720.3795243011793,1712.078803004555,1703.7635188425168,1695.4927743787557,1687.3326716729803,1679.354227660671,1671.6306482283032,1664.2352798593352,1657.2403594908233,1650.7149295743088,1644.7218596614164,1639.3146685397917,1634.5345058539642
52.89105464699969,1878.255520393985,1877.050224139364,1875.7826660889743,1874.4608890441323,1873.0864012647498,1871.6532396922487,1870.149191329385,1868.5581951941838,1866.8619291987159,1865.0402129699157,1863.0715304658136,1860.9341372273773,1858.6067124667286,1856.0682107282867,1853.2981709798373,1850.2773114446206,1846.9870635665814,1843.408851370874,1839.524344911031,1835.3174476666486,1830.778528792181,1825.9072612076973,1820.710356538932,1815.1974380117113,1809.3792872810386,1803.2687421823284,1796.8829074647583,1790.2436619560892,1783.3749616029966,1776.2999691076786,1769.04050825214,1761.6180884225473,1754.053082672049,1746.3601764483092,1738.5472906805992,1730.6236901259338,1722.6095033249983,1714.5388687539128,1706.4580478498303,1698.4223215510897,1690.4937207552844,1682.7389201250303,1675.2264909273547,1668.0248321850827,1661.2009012101848,1654.818110971765,1648.9333361088295,1643.5937221354761,1638.8337788651795,1634.6740502110838
53.07508335700004,1835.2182322331364,1837.5125797066394,1839.6481018774077,1841.6083190311633,1843.372509445379,1844.916622661611,1846.2153859154585,1847.2436091846967,1847.976320738841,1848.3890376918525,1848.458636853525,1848.1637863659932,1847.4845929997891,1846.402722976932,1844.9018245341667,1842.9669054294911,1840.583471389987,1837.7376538677279,1834.4180865954738,1830.6200414347527,1826.3481840736317,1821.6142401313361,1816.4328123156565,1810.819584151722,1804.7921868105243,1798.3723906446876,1791.5866044378615,1784.4631813801186,1777.0295620705147,1769.3117522304103,1761.3353802427418,1753.1249174668526,1744.6991780717738,1736.0703017009203,1727.2519294826282,1718.268799343483,1709.159974801761,1699.9770474883194,1690.7811295754627,1681.6406860191348,1672.6295354995398,1663.824215145363,1655.3020276532625,1647.1398911295908,1639.412358277029,1632.188745808276,1625.5300675971846,1619.48625143616,1614.0946871940778,1609.3798182338007
53.25880215500001,1805.0518829882549,1809.0673677933648,1812.945432037431,1816.6431981310332,1820.1171131793155,1823.324877267452,1826.22657059914,1828.7846129563084,1830.9638613538727,1832.7323123606163,1834.0613705675573,1834.925338908081,1835.3013893771956,1835.169842907405,1834.5134120271016,1833.316212613852,1831.563773327742,1829.2448023506715,1826.3552219851067,1822.9008316673778,1818.8948898967458,1814.3538556250935,1809.2955244873792,1803.7398362324786,1797.7110147690817,1791.2380236216297,1784.3518355835083,1777.0825466337685,1769.4588315597457,1761.5089861559036,1753.2601387020713,1744.7337472173708,1735.9445855568924,1726.9089286205651,1717.6541623868236,1708.2220327038244,1698.666872839413,1689.0526257208328,1679.4507105142684,1669.9380621656132,1660.5945387122872,1651.501014687239,1642.738280632438,1634.3851150114892,1626.5154690424852,1619.195457567624,1612.4806353965835,1606.4146064428003,1601.0286133259515,1596.3408070339785
53.44023880499981,1796.809042688136,1801.43409602399,1805.9031950215337,1810.1620782698208,1814.1587312216852,1817.8444410946386,1821.1736836872576,1824.104148802486,1826.5973714878735,1828.618931241086,1830.1378754865036,1831.1266264127564,1831.5612004183035,1831.4203942335903,1830.6847444333612,1829.336489289324,1827.36129292269,1824.7522426167595,1821.5124801282482,1817.652757762558,1813.187160005154,1808.1312263221619,1802.5027517103142,1796.323926620145,1789.6217992460306,1782.425559158268,1774.763672520175,1766.6633664967237,1758.1517078746162,1749.254858729338,1739.9936257472402,1730.3825063567733,1720.4379419958443,1710.1880042503547,1699.675727777719,1688.9574299491876,1678.0998330183577,1667.1780382776108,1656.273680561523,1645.4724575607916,1634.8623518269542,1624.5326649385097,1614.5722294536372,1605.0667383760351,1596.0958843127078,1587.730786666545,1580.0327529185747,1573.053020224866,1566.8318511780644,1561.3966491464696
53.62408891599989,1788.3010400344942,1794.0982395813608,1799.6316848819963,1804.844635442256,1809.6846303356706,1814.1032625652583,1818.0560977344974,1821.5032045093715,1824.4092592211828,1826.7428810561194,1828.4764570091459,1829.5862858927658,1830.0516954759478,1829.853939443828,1828.9761030821146,1827.4047775819097,1825.1340137489976,1822.167915872465,1818.5181664303711,1814.1997223369488,1809.2289182594973,1803.6242535052083,1797.4085240288225,1790.6092824898642,1783.256125278676,1775.3778367073742,1767.0018879341403,1758.155535610635,1748.8651030645417,1739.1515606065313,1729.0296080994062,1718.5159700995534,1707.6391292850824,1696.4427120560383,1684.9838662000152,1673.330446373064,1661.5590567778108,1649.753279289801,1638.0012813530302,1626.3941213410133,1615.0248706214368,1603.9869176607085,1593.3713935415774,1583.2644106463313,1573.7445923402495,1564.88193911098,1556.7376766890995,1549.3634591899463,1542.7994181363379,1537.0717066508103
53.80782223699998,1856.5778422390645,1857.0610852278571,1857.3718341881986,1857.4825838453319,1857.3650108727138,1856.9903295571644,1856.330241585091,1855.3574408310055,1854.045328498587,1852.3681970318498,1850.3017116275373,1847.822343231958,1844.9065597569347,1841.5310046696954,1837.6744232829576,1833.321848114083,1828.4674047839717,1823.112029958684,1817.2593429533313,1810.9139075133419,1804.0821613158498,1796.7746758254843,1789.0067305442776,1780.7957017016133,1772.1582967121017,1763.110133097204,1753.666907974992,1743.8437420244097,1733.650815580825,1723.0925010353994,1712.1757028452441,1700.919631822974,1689.359228498492,1677.5435763031453,1665.5331211288083,1653.3977473889863,1641.2150395174474,1629.0679238460523,1617.0430091119144,1605.2297453156293,1593.7187666772227,1582.5993583965192,1571.956739223575,1561.869637842746,1552.4092086066462,1543.6389321332117,1535.6138736966773,1528.3787900607217,1521.9656700619635,1516.3917466535684
53.9918195539999,1877.7212817486143,1876.423556971676,1874.9745254667012,1873.3534423397236,1871.5374779660538,1869.502806724485,1867.225245040301,1864.6800936669943,1861.842442329228,1858.687765376672,1855.1914622528159,1851.3281495261328,1847.071933732968,1842.3984255254757,1837.2890067243331,1831.733712033382,1825.7290172537266,1819.2737759923966,1812.3675417907314,1805.0115536537467,1797.2110480761019,1788.9758820833706,1780.3179678262813,1771.248550555815,1761.7778291789305,1751.916166003169,1741.6734700764014,1731.0548722706803,1720.0598967635133,1708.690840689291,1696.9625890765883,1684.9060802889228,1672.5667631177248,1660.001862448645,1647.2785039627129,1634.4720271038746,1621.6636815076479,1608.9390253463835,1596.3871454654598,1584.099065151498,1572.1652792699326,1560.6731087383846,1549.704352224066,1539.3342804033264,1529.631618008638,1520.6578862088968,1512.4655954817954,1505.0958736846653,1498.5764389876858,1492.9203711631744
54.17338103499969,1848.2026147287754,1849.2402082236972,1850.0426382490452,1850.5723468613078,1850.7929422848515,1850.6696203294332,1850.1687983278937,1849.2582207096689,1847.9073656915662,1846.0868075788283,1843.7673419873342,1840.920103690851,1837.5184379476414,1833.5420371879607,1828.9797050353961,1823.8270396614664,1818.0822785874418,1811.74454194406,1804.8147522311062,1797.2978937156481,1789.2035960193773,1780.5435424579043,1771.3287349821676,1761.5691149435218,1751.274786313275,1740.455425786164,1729.1159979394142,1717.2559801203583,1704.8778088482766,1691.9967748474169,1678.6445819121718,1664.8679107112673,1650.7258043762736,1636.2879262163278,1621.6330186160712,1606.8467580697966,1592.0203244848467,1577.249804210751,1562.6347921061492,1548.2761317236955,1534.273484776177,1520.7232068038397,1507.7175732279168,1495.3449996569716,1483.6896274062701,1472.8297625543366,1462.8357511370675,1453.7681977432264,1445.6764169057783,1438.5958327232004
54.35713074299974,1869.281929247292,1868.2620040791112,1867.030268045626,1865.5596434287204,1863.82311285494,1861.7935094781808,1859.4437716378836,1856.747490873176,1853.6784072984906,1850.2096592644584,1846.314016709079,1841.9658588311868,1837.1454078114105,1831.841580453343,1826.0497496912315,1819.7676580640414,1812.993720184259,1805.7279922864825,1797.9744720576246,1789.7417133775198,1781.0402566226965,1771.879906482072,1762.269356611374,1752.2174078677426,1741.73236466977,1730.8177277759278,1719.47138828246,1707.6940347633915,1695.499000818304,1682.91576839292,1669.9884681631465,1656.773194036567,1643.3361823526895,1629.752185115685,1616.1022325339127,1602.4721033730584,1588.9516230142028,1575.6331550338614,1562.609225971073,1549.9699751197209,1537.8009070417684,1526.181991873876,1515.1877583046257,1504.8867513279172,1495.3398443885267,1486.5979899702845,1478.700317510708,1471.6724698379642,1465.5243701287975,1460.2488292532043
54.54096312799993,1860.143248935534,1859.9143957963204,1859.3889223493034,1858.5386633167248,1857.335878077749,1855.7534232852381,1853.7652243210277,1851.3456996063376,1848.4689446634934,1845.1089052741866,1841.24130028045,1836.8478056471981,1831.918861537304,1826.451394212963,1820.4446947239721,1813.8986912690634,1806.8148931733376,1799.198669544661,1791.0598471042304,1782.4101277178675,1773.2603574595223,1763.6201464266426,1753.4990859526567,1742.9061476770141,1731.8453826924058,1720.3151255081698,1708.3164147011046,1695.8628574776615,1682.9841534793536,1669.7246190957555,1656.140529317809,1642.298327694286,1628.2730337069436,1614.146042817907,1600.0036376695969,1585.936330292803,1572.0374010912526,1558.4005742019608,1545.1175209823123,1532.2756692061773,1519.95736289703,1508.2400174944535,1497.195642236903,1486.889219106404,1477.3765220617702,1468.7022850605515,1460.8986096158749,1453.9828033645463,1447.95600103635,1442.8040478719727
54.72612099199978,1860.4584058473938,1861.4780777837527,1861.957412015078,1861.8847943247822,1861.248900430108,1860.0390620524454,1858.2446028637082,1855.8539497824297,1852.8547475879523,1849.2357360745314,1844.9909000977968,1840.122253060392,1834.637544511837,1828.5461327522373,1821.8572583240289,1814.5809954025399,1806.7305432855671,1798.322841683484,1789.3760096105639,1779.906639049351,1769.9294420123765,1759.458497113138,1748.5066796329957,1737.0813928866528,1725.1838052622616,1712.8173044954294,1699.9973961371309,1686.7552613282573,1673.1363149678245,1659.1975811687992,1645.0059364611172,1630.6365499865235,1616.170715897156,1601.694396422831,1587.2975954705432,1573.072928552737,1559.1133286892648,1545.5095800941285,1532.3481573011713,1519.7104147374453,1507.672771527538,1496.306263501985,1485.6749518463391,1475.8337722062388,1466.8267328325671,1458.685352589099,1451.4265303647937,1445.0511973331934,1439.545307379556,1434.8817187020709
54.91007279099995,1850.4568213009622,1850.2123909399427,1849.6258114538498,1848.6628841683378,1847.2911929297834,1845.479471341591,1843.196730001035,1840.4123736109004,1837.0980689855608,1833.2318759933742,1828.801003564045,1823.7994829119127,1818.2240002372635,1812.0721260620019,1805.3432193859408,1798.0406699467228,1790.172463279389,1781.74856928696,1772.7781863253397,1763.2693401837353,1753.230084759385,1742.667889034503,1731.5853287179975,1719.9792874304499,1707.849379440333,1695.2078213096925,1682.0829679126878,1668.5178542195754,1654.5675600025686,1640.2974481440183,1625.7816059718198,1611.1006849740727,1596.340457457796,1581.5912100740825,1566.9463400229204,1552.5000935551966,1538.3451385090857,1524.5704484115874,1511.2605429774362,1498.495729554901,1486.35171719588,1474.8980924239374,1464.1962400797859,1454.2976173133372,1445.2422709440225,1437.0567890380985,1429.7530373519207,1423.3292350607003,1417.7718060136842,1413.05620569915
55.09402871600014,1852.578188386911,1851.3949881099545,1849.9124921224936,1848.0924319712722,1845.89756995092,1843.2908681358385,1840.2356412503623,1836.6974549552606,1832.6482821549882,1828.0692800181241,1822.9484804246254,1817.2766366615888,1811.0454640787423,1804.2485534387806,1796.8836207873169,1788.9530790722515,1780.461432748992,1771.4125278905763,1761.8091576897098,1751.6542706468197,1740.9503665362251,1729.6951989853137,1717.8809900048586,1705.5028689243472,1692.5687635214626,1679.1029592235132,1665.1446681694554,1650.7454256645083,1635.967365060329,1620.8817008121696,1605.5666153621692,1590.105868677418,1574.5882505913648,1559.106241945416,1543.75382428383,1528.6241299206788,1513.807409930553,1499.3903648483454,1485.4564825051523,1472.0857544712933,1459.353259880847,1447.3271996156443,1436.0672884039875,1425.623394419162,1416.03361645616,1407.3231484203263,1399.5054844756378,1392.584399853382,1386.554668798884,1381.4013051379413
55.27805176599986,1911.7670287619778,1905.9489799915232,1899.8594721005218,1893.4911448053788,1886.832039574889,1879.866137798532,1872.5756333651889,1864.9454503256495,1856.966366774853,1848.6330364521687,1839.9401499751857,1830.8809727904925,1821.4485381982033,1811.6381591185173,1801.4482438696027,1790.8779174044687,1779.924480886205,1768.5832099770398,1756.8487397324477,1744.7146218803418,1732.1691740825877,1719.194827338766,1705.7766848536612,1691.9125210587106,1677.616437588616,1662.917518937481,1647.857306265468,1632.4881413231778,1616.871711167424,1601.0769902213917,1585.178899387496,1569.2578032118706,1553.3982119137452,1537.6866288111007,1522.2092356976998,1507.0498944140074,1492.2895100394005,1478.0064007228323,1464.2760461581306,1451.1697039555493,1438.7524773038035,1427.081741830178,1416.20582152901,1406.1621040518828,1396.9759452344601,1388.6619162716788,1381.2258285251194,1374.6654973384345,1368.9700185769366,1364.1185188432246
55.45940458799987,1862.1437995303254,1859.3428507635645,1856.2145775734332,1852.723758335255,1848.8345664459653,1844.5125504393714,1839.7288675186398,1834.4631331964579,1828.701179828673,1822.4309670027014,1815.6408816926541,1808.3207071722372,1800.4639248158264,1792.0683343676858,1783.1334943056354,1773.658015243286,1763.639206713834,1753.0743251124125,1741.9600083950336,1730.2880168943116,1718.0444861311198,1705.2184046292605,1691.8115450840924,1677.8420653296869,1663.343121461184,1648.360311209713,1632.949999161462,1617.1778541197975,1601.1167947912572,1584.8456631348563,1568.4487460077362,1552.0145115561995,1535.633500518729,1519.3960646275473,1503.3904299749236,1487.7021303826275,1472.4144553843255,1457.6082843948554,1443.3607958536938,1429.7436342325354,1416.8214422617139,1404.6506476351672,1393.277693809229,1382.7380640144363,1373.0576510479684,1364.2549068870826,1356.3417324452728,1349.3228800109107,1343.1946196620436,1337.943421647051
